 0.50000000E+00; 0.13272241E+04
 0.10000000E+01; 0.15201641E+04
 0.15000000E+01; 0.16217725E+04
 0.20000000E+01; 0.15990298E+04
 0.25000000E+01; 0.15652529E+04
 0.30000000E+01; 0.15064015E+04
 0.35000000E+01; 0.14026536E+04
 0.40000000E+01; 0.13470931E+04
 0.45000000E+01; 0.12317012E+04
 0.50000000E+01; 0.11694602E+04
 0.55000000E+01; 0.10820583E+04
 0.60000000E+01; 0.10667703E+04
 0.65000000E+01; 0.10153201E+04
 0.70000000E+01; 0.98847406E+03
 0.75000000E+01; 0.95398914E+03
 0.80000000E+01; 0.93686322E+03
 0.85000000E+01; 0.92249731E+03
 0.90000000E+01; 0.90798901E+03
 0.95000000E+01; 0.91276062E+03
 0.10000000E+02; 0.89308643E+03
 0.10500000E+02; 0.92705481E+03
 0.11000000E+02; 0.93731659E+03
 0.11500000E+02; 0.98219147E+03
 0.12000000E+02; 0.10187702E+04
 0.12500000E+02; 0.10419490E+04
 0.13000000E+02; 0.10904108E+04
 0.13500000E+02; 0.11328843E+04
 0.14000000E+02; 0.11843674E+04
 0.14500000E+02; 0.12679216E+04
 0.15000000E+02; 0.12618921E+04
 0.15500000E+02; 0.13035310E+04
 0.16000000E+02; 0.13207673E+04
 0.16500000E+02; 0.13241074E+04
 0.17000000E+02; 0.13410951E+04
 0.17500000E+02; 0.14043263E+04
 0.18000000E+02; 0.14657382E+04
 0.18500000E+02; 0.16265773E+04
 0.19000000E+02; 0.18831566E+04
 0.19500000E+02; 0.22035347E+04
 0.20000000E+02; 0.26268220E+04
 0.20500000E+02; 0.31697615E+04
 0.21000000E+02; 0.37145271E+04
 0.21500000E+02; 0.44678057E+04
 0.22000000E+02; 0.52890161E+04
 0.22500000E+02; 0.61463130E+04
 0.23000000E+02; 0.70268706E+04
 0.23500000E+02; 0.80025938E+04
 0.24000000E+02; 0.89716006E+04
 0.24500000E+02; 0.98624551E+04
 0.25000000E+02; 0.10919692E+05
 0.25500000E+02; 0.11827980E+05
 0.26000000E+02; 0.12724973E+05
 0.26500000E+02; 0.13614671E+05
 0.27000000E+02; 0.14466902E+05
 0.27500000E+02; 0.15265315E+05
 0.28000000E+02; 0.16088298E+05
 0.28500000E+02; 0.16947311E+05
 0.29000000E+02; 0.17904270E+05
 0.29500000E+02; 0.18695180E+05
 0.30000000E+02; 0.19459164E+05
 0.30500000E+02; 0.20371598E+05
 0.31000000E+02; 0.21133195E+05
 0.31500000E+02; 0.21869156E+05
 0.32000000E+02; 0.22433379E+05
 0.32500000E+02; 0.23113938E+05
 0.33000000E+02; 0.23686531E+05
 0.33500000E+02; 0.24204178E+05
 0.34000000E+02; 0.24582064E+05
 0.34500000E+02; 0.24977777E+05
 0.35000000E+02; 0.25326211E+05
 0.35500000E+02; 0.25843574E+05
 0.36000000E+02; 0.26173600E+05
 0.36500000E+02; 0.26537467E+05
 0.37000000E+02; 0.27042107E+05
 0.37500000E+02; 0.27368080E+05
 0.38000000E+02; 0.27767041E+05
 0.38500000E+02; 0.28187393E+05
 0.39000000E+02; 0.28557152E+05
 0.39500000E+02; 0.29115766E+05
 0.40000000E+02; 0.29631863E+05
 0.40500000E+02; 0.30245820E+05
 0.41000000E+02; 0.30824936E+05
 0.41500000E+02; 0.31671852E+05
 0.42000000E+02; 0.32470033E+05
 0.42500000E+02; 0.33143258E+05
 0.43000000E+02; 0.33853254E+05
 0.43500000E+02; 0.34766875E+05
 0.44000000E+02; 0.35459375E+05
 0.44500000E+02; 0.36090711E+05
 0.45000000E+02; 0.36902043E+05
 0.45500000E+02; 0.37447012E+05
 0.46000000E+02; 0.37958348E+05
 0.46500000E+02; 0.38214227E+05
 0.47000000E+02; 0.38733031E+05
 0.47500000E+02; 0.38712320E+05
 0.48000000E+02; 0.38795590E+05
 0.48500000E+02; 0.38671980E+05
 0.49000000E+02; 0.38286562E+05
 0.49500000E+02; 0.37890316E+05
 0.50000000E+02; 0.37593965E+05
 0.50500000E+02; 0.37103629E+05
 0.51000000E+02; 0.36312762E+05
 0.51500000E+02; 0.35511188E+05
 0.52000000E+02; 0.34749945E+05
 0.52500000E+02; 0.34164883E+05
 0.53000000E+02; 0.33657195E+05
 0.53500000E+02; 0.33379148E+05
 0.54000000E+02; 0.33165160E+05
 0.54500000E+02; 0.33219348E+05
 0.55000000E+02; 0.33107547E+05
 0.55500000E+02; 0.33233754E+05
 0.56000000E+02; 0.33268605E+05
 0.56500000E+02; 0.33323211E+05
 0.57000000E+02; 0.33486281E+05
 0.57500000E+02; 0.33471090E+05
 0.58000000E+02; 0.33711832E+05
 0.58500000E+02; 0.33895062E+05
 0.59000000E+02; 0.34152270E+05
 0.59500000E+02; 0.34432383E+05
 0.60000000E+02; 0.34632660E+05
 0.60500000E+02; 0.35087156E+05
 0.61000000E+02; 0.35596613E+05
 0.61500000E+02; 0.36012543E+05
 0.62000000E+02; 0.36499262E+05
 0.62500000E+02; 0.37158789E+05
 0.63000000E+02; 0.37696004E+05
 0.63500000E+02; 0.38471039E+05
 0.64000000E+02; 0.39007270E+05
 0.64500000E+02; 0.39685152E+05
 0.65000000E+02; 0.40363055E+05
 0.65500000E+02; 0.41175273E+05
 0.66000000E+02; 0.42228562E+05
 0.66500000E+02; 0.42896871E+05
 0.67000000E+02; 0.43852547E+05
 0.67500000E+02; 0.44807516E+05
 0.68000000E+02; 0.45936234E+05
 0.68500000E+02; 0.46663930E+05
 0.69000000E+02; 0.47952543E+05
 0.69500000E+02; 0.48950043E+05
 0.70000000E+02; 0.49744586E+05
 0.70500000E+02; 0.50795754E+05
 0.71000000E+02; 0.51596590E+05
 0.71500000E+02; 0.52464320E+05
 0.72000000E+02; 0.53087500E+05
 0.72500000E+02; 0.53289328E+05
 0.73000000E+02; 0.53823383E+05
 0.73500000E+02; 0.54205984E+05
 0.74000000E+02; 0.54577168E+05
 0.74500000E+02; 0.54426246E+05
 0.75000000E+02; 0.54604953E+05
 0.75500000E+02; 0.54569727E+05
 0.76000000E+02; 0.54855805E+05
 0.76500000E+02; 0.55004918E+05
 0.77000000E+02; 0.55126637E+05
 0.77500000E+02; 0.54868070E+05
 0.78000000E+02; 0.55027816E+05
 0.78500000E+02; 0.55076219E+05
 0.79000000E+02; 0.55159203E+05
 0.79500000E+02; 0.55354395E+05
 0.80000000E+02; 0.55391410E+05
 0.80500000E+02; 0.55255129E+05
 0.81000000E+02; 0.55245590E+05
 0.81500000E+02; 0.55448715E+05
 0.82000000E+02; 0.55454293E+05
 0.82500000E+02; 0.55344051E+05
 0.83000000E+02; 0.55581965E+05
 0.83500000E+02; 0.55513316E+05
 0.84000000E+02; 0.55847875E+05
 0.84500000E+02; 0.55756145E+05
 0.85000000E+02; 0.55953594E+05
 0.85500000E+02; 0.56106023E+05
 0.86000000E+02; 0.56165742E+05
 0.86500000E+02; 0.56233531E+05
 0.87000000E+02; 0.56566996E+05
 0.87500000E+02; 0.56432797E+05
 0.88000000E+02; 0.56655289E+05
 0.88500000E+02; 0.57118605E+05
 0.89000000E+02; 0.57175617E+05
 0.89500000E+02; 0.57332969E+05
 0.90000000E+02; 0.57636164E+05
 0.90500000E+02; 0.57742449E+05
 0.91000000E+02; 0.57739320E+05
 0.91500000E+02; 0.57917473E+05
 0.92000000E+02; 0.58014746E+05
 0.92500000E+02; 0.57879797E+05
 0.93000000E+02; 0.57721461E+05
 0.93500000E+02; 0.57641570E+05
 0.94000000E+02; 0.57301059E+05
 0.94500000E+02; 0.57084367E+05
 0.95000000E+02; 0.56801699E+05
 0.95500000E+02; 0.56406062E+05
 0.96000000E+02; 0.56075320E+05
 0.96500000E+02; 0.55490371E+05
 0.97000000E+02; 0.55065723E+05
 0.97500000E+02; 0.54633891E+05
 0.98000000E+02; 0.54028883E+05
 0.98500000E+02; 0.53554789E+05
 0.99000000E+02; 0.53131957E+05
 0.99500000E+02; 0.52587598E+05
 0.10000000E+03; 0.52005625E+05
 0.10050000E+03; 0.51566820E+05
 0.10100000E+03; 0.51075391E+05
 0.10150000E+03; 0.50833324E+05
 0.10200000E+03; 0.50288938E+05
 0.10250000E+03; 0.49868504E+05
 0.10300000E+03; 0.49455750E+05
 0.10350000E+03; 0.49022312E+05
 0.10400000E+03; 0.48497215E+05
 0.10450000E+03; 0.48203641E+05
 0.10500000E+03; 0.47947723E+05
 0.10550000E+03; 0.47455176E+05
 0.10600000E+03; 0.47075863E+05
 0.10650000E+03; 0.46627023E+05
 0.10700000E+03; 0.46489742E+05
 0.10750000E+03; 0.46110344E+05
 0.10800000E+03; 0.45805078E+05
 0.10850000E+03; 0.45478457E+05
 0.10900000E+03; 0.45177352E+05
 0.10950000E+03; 0.44842078E+05
 0.11000000E+03; 0.44354801E+05
 0.11050000E+03; 0.44121836E+05
 0.11100000E+03; 0.43919074E+05
 0.11150000E+03; 0.43744535E+05
 0.11200000E+03; 0.43278387E+05
 0.11250000E+03; 0.43005812E+05
 0.11300000E+03; 0.42875785E+05
 0.11350000E+03; 0.42565820E+05
 0.11400000E+03; 0.42123363E+05
 0.11450000E+03; 0.41843051E+05
 0.11500000E+03; 0.41657656E+05
 0.11550000E+03; 0.41441648E+05
 0.11600000E+03; 0.41094516E+05
 0.11650000E+03; 0.40908777E+05
 0.11700000E+03; 0.40552438E+05
 0.11750000E+03; 0.40242758E+05
 0.11800000E+03; 0.40164352E+05
 0.11850000E+03; 0.39654656E+05
 0.11900000E+03; 0.39699500E+05
 0.11950000E+03; 0.39346707E+05
 0.12000000E+03; 0.39001391E+05
 0.12050000E+03; 0.38951688E+05
 0.12100000E+03; 0.38882684E+05
 0.12150000E+03; 0.38460789E+05
 0.12200000E+03; 0.38365516E+05
 0.12250000E+03; 0.38187660E+05
 0.12300000E+03; 0.37799465E+05
 0.12350000E+03; 0.37622324E+05
 0.12400000E+03; 0.37559988E+05
 0.12450000E+03; 0.37029336E+05
 0.12500000E+03; 0.37072695E+05
 0.12550000E+03; 0.37020141E+05
 0.12600000E+03; 0.36943793E+05
 0.12650000E+03; 0.36632898E+05
 0.12700000E+03; 0.36590344E+05
 0.12750000E+03; 0.36576762E+05
 0.12800000E+03; 0.36463867E+05
 0.12850000E+03; 0.36622508E+05
 0.12900000E+03; 0.36617293E+05
 0.12950000E+03; 0.36672371E+05
 0.13000000E+03; 0.36878844E+05
 0.13050000E+03; 0.37043625E+05
 0.13100000E+03; 0.37704434E+05
 0.13150000E+03; 0.37891703E+05
 0.13200000E+03; 0.38721078E+05
 0.13250000E+03; 0.39317691E+05
 0.13300000E+03; 0.40013289E+05
 0.13350000E+03; 0.40797883E+05
 0.13400000E+03; 0.41926410E+05
 0.13450000E+03; 0.43127797E+05
 0.13500000E+03; 0.43939906E+05
 0.13550000E+03; 0.45244520E+05
 0.13600000E+03; 0.46166445E+05
 0.13650000E+03; 0.47193824E+05
 0.13700000E+03; 0.47998344E+05
 0.13750000E+03; 0.48534340E+05
 0.13800000E+03; 0.48795680E+05
 0.13850000E+03; 0.48930156E+05
 0.13900000E+03; 0.48484992E+05
 0.13950000E+03; 0.47674055E+05
 0.14000000E+03; 0.46198379E+05
 0.14050000E+03; 0.44602816E+05
 0.14100000E+03; 0.42350473E+05
 0.14150000E+03; 0.39851523E+05
 0.14200000E+03; 0.36981898E+05
 0.14250000E+03; 0.34054855E+05
 0.14300000E+03; 0.30624789E+05
 0.14350000E+03; 0.27454078E+05
 0.14400000E+03; 0.24245182E+05
 0.14450000E+03; 0.20891510E+05
 0.14500000E+03; 0.18033033E+05
 0.14550000E+03; 0.15180143E+05
 0.14600000E+03; 0.12540814E+05
 0.14650000E+03; 0.10398430E+05
 0.14700000E+03; 0.84903213E+04
 0.14750000E+03; 0.67202817E+04
 0.14800000E+03; 0.52604546E+04
 0.14850000E+03; 0.39880349E+04
 0.14900000E+03; 0.31102002E+04
 0.14950000E+03; 0.22935029E+04
 0.15000000E+03; 0.17147035E+04
 0.15050000E+03; 0.12323721E+04
 0.15100000E+03; 0.88658319E+03
 0.15150000E+03; 0.64540070E+03
 0.15200000E+03; 0.46453470E+03
 0.15250000E+03; 0.29997339E+03
 0.15300000E+03; 0.19974400E+03
 0.15350000E+03; 0.14177373E+03
 0.15400000E+03; 0.95299080E+02
 0.15450000E+03; 0.59904282E+02
 0.15500000E+03; 0.39410923E+02
 0.15550000E+03; 0.27494478E+02
 0.15600000E+03; 0.14373829E+02
 0.15650000E+03; 0.96975908E+01
 0.15700000E+03; 0.43834171E+01
 0.15750000E+03; 0.28984568E+01
 0.15800000E+03; 0.15889530E+01
 0.15850000E+03; 0.10233009E+01
 0.15900000E+03; 0.20747094E+00
 0.15950000E+03; 0.51379752E+00
 0.16000000E+03; 0.35957339E+00
 0.16050000E+03; 0.90441905E-01
 0.16100000E+03; 0.88965399E-02
 0.16150000E+03; 0.00000000E+00
 0.16200000E+03; 0.00000000E+00
 0.16250000E+03; 0.00000000E+00
 0.16300000E+03; 0.00000000E+00
 0.16350000E+03; 0.00000000E+00
 0.16400000E+03; 0.00000000E+00
 0.16450000E+03; 0.00000000E+00
 0.16500000E+03; 0.00000000E+00
 0.16550000E+03; 0.00000000E+00
 0.16600000E+03; 0.00000000E+00
 0.16650000E+03; 0.00000000E+00
 0.16700000E+03; 0.00000000E+00
 0.16750000E+03; 0.00000000E+00
 0.16800000E+03; 0.00000000E+00
 0.16850000E+03; 0.00000000E+00
 0.16900000E+03; 0.00000000E+00
 0.16950000E+03; 0.00000000E+00
 0.17000000E+03; 0.00000000E+00
 0.17050000E+03; 0.00000000E+00
 0.17100000E+03; 0.00000000E+00
 0.17150000E+03; 0.00000000E+00
 0.17200000E+03; 0.00000000E+00
 0.17250000E+03; 0.00000000E+00
 0.17300000E+03; 0.00000000E+00
 0.17350000E+03; 0.00000000E+00
 0.17400000E+03; 0.00000000E+00
 0.17450000E+03; 0.00000000E+00
 0.17500000E+03; 0.00000000E+00
 0.17550000E+03; 0.00000000E+00
 0.17600000E+03; 0.00000000E+00
 0.17650000E+03; 0.00000000E+00
 0.17700000E+03; 0.00000000E+00
 0.17750000E+03; 0.00000000E+00
 0.17800000E+03; 0.00000000E+00
 0.17850000E+03; 0.00000000E+00
 0.17900000E+03; 0.00000000E+00
 0.17950000E+03; 0.00000000E+00
 0.18000000E+03; 0.00000000E+00
 0.18050000E+03; 0.00000000E+00
 0.18100000E+03; 0.00000000E+00
 0.18150000E+03; 0.00000000E+00
 0.18200000E+03; 0.00000000E+00
 0.18250000E+03; 0.00000000E+00
 0.18300000E+03; 0.00000000E+00
 0.18350000E+03; 0.00000000E+00
 0.18400000E+03; 0.00000000E+00
 0.18450000E+03; 0.00000000E+00
 0.18500000E+03; 0.00000000E+00
 0.18550000E+03; 0.00000000E+00
 0.18600000E+03; 0.00000000E+00
 0.18650000E+03; 0.00000000E+00
 0.18700000E+03; 0.00000000E+00
 0.18750000E+03; 0.00000000E+00
 0.18800000E+03; 0.00000000E+00
 0.18850000E+03; 0.00000000E+00
 0.18900000E+03; 0.00000000E+00
 0.18950000E+03; 0.00000000E+00
 0.19000000E+03; 0.00000000E+00
 0.19050000E+03; 0.00000000E+00
 0.19100000E+03; 0.00000000E+00
 0.19150000E+03; 0.00000000E+00
 0.19200000E+03; 0.00000000E+00
 0.19250000E+03; 0.00000000E+00
 0.19300000E+03; 0.00000000E+00
 0.19350000E+03; 0.00000000E+00
 0.19400000E+03; 0.00000000E+00
 0.19450000E+03; 0.00000000E+00
 0.19500000E+03; 0.00000000E+00
 0.19550000E+03; 0.00000000E+00
 0.19600000E+03; 0.00000000E+00
 0.19650000E+03; 0.00000000E+00
 0.19700000E+03; 0.00000000E+00
 0.19750000E+03; 0.00000000E+00
 0.19800000E+03; 0.00000000E+00
 0.19850000E+03; 0.00000000E+00
 0.19900000E+03; 0.00000000E+00
 0.19950000E+03; 0.00000000E+00
 0.20000000E+03; 0.00000000E+00
 0.20050000E+03; 0.00000000E+00
 0.20100000E+03; 0.00000000E+00
 0.20150000E+03; 0.00000000E+00
 0.20200000E+03; 0.00000000E+00
 0.20250000E+03; 0.00000000E+00
 0.20300000E+03; 0.00000000E+00
 0.20350000E+03; 0.00000000E+00
 0.20400000E+03; 0.00000000E+00
 0.20450000E+03; 0.00000000E+00
 0.20500000E+03; 0.00000000E+00
 0.20550000E+03; 0.00000000E+00
 0.20600000E+03; 0.00000000E+00
 0.20650000E+03; 0.00000000E+00
 0.20700000E+03; 0.00000000E+00
 0.20750000E+03; 0.00000000E+00
 0.20800000E+03; 0.00000000E+00
 0.20850000E+03; 0.00000000E+00
 0.20900000E+03; 0.00000000E+00
 0.20950000E+03; 0.00000000E+00
 0.21000000E+03; 0.00000000E+00
 0.21050000E+03; 0.00000000E+00
 0.21100000E+03; 0.00000000E+00
 0.21150000E+03; 0.00000000E+00
 0.21200000E+03; 0.00000000E+00
 0.21250000E+03; 0.00000000E+00
 0.21300000E+03; 0.00000000E+00
 0.21350000E+03; 0.00000000E+00
 0.21400000E+03; 0.00000000E+00
 0.21450000E+03; 0.00000000E+00
 0.21500000E+03; 0.00000000E+00
 0.21550000E+03; 0.00000000E+00
 0.21600000E+03; 0.00000000E+00
 0.21650000E+03; 0.00000000E+00
 0.21700000E+03; 0.00000000E+00
 0.21750000E+03; 0.00000000E+00
 0.21800000E+03; 0.00000000E+00
 0.21850000E+03; 0.00000000E+00
 0.21900000E+03; 0.00000000E+00
 0.21950000E+03; 0.00000000E+00
 0.22000000E+03; 0.00000000E+00
 0.22050000E+03; 0.00000000E+00
 0.22100000E+03; 0.00000000E+00
 0.22150000E+03; 0.00000000E+00
 0.22200000E+03; 0.00000000E+00
 0.22250000E+03; 0.00000000E+00
 0.22300000E+03; 0.00000000E+00
 0.22350000E+03; 0.00000000E+00
 0.22400000E+03; 0.00000000E+00
 0.22450000E+03; 0.00000000E+00
 0.22500000E+03; 0.00000000E+00
 0.22550000E+03; 0.00000000E+00
 0.22600000E+03; 0.00000000E+00
 0.22650000E+03; 0.00000000E+00
 0.22700000E+03; 0.00000000E+00
 0.22750000E+03; 0.00000000E+00
 0.22800000E+03; 0.00000000E+00
 0.22850000E+03; 0.00000000E+00
 0.22900000E+03; 0.00000000E+00
 0.22950000E+03; 0.00000000E+00
 0.23000000E+03; 0.00000000E+00
 0.23050000E+03; 0.00000000E+00
 0.23100000E+03; 0.00000000E+00
 0.23150000E+03; 0.00000000E+00
 0.23200000E+03; 0.00000000E+00
 0.23250000E+03; 0.00000000E+00
 0.23300000E+03; 0.00000000E+00
 0.23350000E+03; 0.00000000E+00
 0.23400000E+03; 0.00000000E+00
 0.23450000E+03; 0.00000000E+00
 0.23500000E+03; 0.00000000E+00
 0.23550000E+03; 0.00000000E+00
 0.23600000E+03; 0.00000000E+00
 0.23650000E+03; 0.00000000E+00
 0.23700000E+03; 0.00000000E+00
 0.23750000E+03; 0.00000000E+00
 0.23800000E+03; 0.00000000E+00
 0.23850000E+03; 0.00000000E+00
 0.23900000E+03; 0.00000000E+00
 0.23950000E+03; 0.00000000E+00
 0.24000000E+03; 0.00000000E+00
 0.24050000E+03; 0.00000000E+00
 0.24100000E+03; 0.00000000E+00
 0.24150000E+03; 0.00000000E+00
 0.24200000E+03; 0.00000000E+00
 0.24250000E+03; 0.00000000E+00
 0.24300000E+03; 0.00000000E+00
 0.24350000E+03; 0.00000000E+00
 0.24400000E+03; 0.00000000E+00
 0.24450000E+03; 0.00000000E+00
 0.24500000E+03; 0.00000000E+00
 0.24550000E+03; 0.00000000E+00
 0.24600000E+03; 0.00000000E+00
 0.24650000E+03; 0.00000000E+00
 0.24700000E+03; 0.00000000E+00
 0.24750000E+03; 0.00000000E+00
 0.24800000E+03; 0.00000000E+00
 0.24850000E+03; 0.00000000E+00
 0.24900000E+03; 0.00000000E+00
 0.24950000E+03; 0.00000000E+00
 0.25000000E+03; 0.00000000E+00
 0.25050000E+03; 0.00000000E+00
 0.25100000E+03; 0.00000000E+00
 0.25150000E+03; 0.00000000E+00
 0.25200000E+03; 0.00000000E+00
 0.25250000E+03; 0.00000000E+00
 0.25300000E+03; 0.00000000E+00
 0.25350000E+03; 0.00000000E+00
 0.25400000E+03; 0.00000000E+00
 0.25450000E+03; 0.00000000E+00
 0.25500000E+03; 0.00000000E+00
 0.25550000E+03; 0.00000000E+00
 0.25600000E+03; 0.00000000E+00
