 0.50000000E+00; 0.13357356E+04
 0.10000000E+01; 0.15119788E+04
 0.15000000E+01; 0.16303960E+04
 0.20000000E+01; 0.15743530E+04
 0.25000000E+01; 0.15555673E+04
 0.30000000E+01; 0.14775979E+04
 0.35000000E+01; 0.14188286E+04
 0.40000000E+01; 0.13035978E+04
 0.45000000E+01; 0.12204087E+04
 0.50000000E+01; 0.11724905E+04
 0.55000000E+01; 0.11038396E+04
 0.60000000E+01; 0.10354596E+04
 0.65000000E+01; 0.10170032E+04
 0.70000000E+01; 0.99438770E+03
 0.75000000E+01; 0.95206146E+03
 0.80000000E+01; 0.93922864E+03
 0.85000000E+01; 0.93437329E+03
 0.90000000E+01; 0.88260559E+03
 0.95000000E+01; 0.88335297E+03
 0.10000000E+02; 0.90563727E+03
 0.10500000E+02; 0.91447888E+03
 0.11000000E+02; 0.94637360E+03
 0.11500000E+02; 0.95883459E+03
 0.12000000E+02; 0.10033323E+04
 0.12500000E+02; 0.10466035E+04
 0.13000000E+02; 0.11081027E+04
 0.13500000E+02; 0.11568728E+04
 0.14000000E+02; 0.11943702E+04
 0.14500000E+02; 0.12314622E+04
 0.15000000E+02; 0.12831995E+04
 0.15500000E+02; 0.13082321E+04
 0.16000000E+02; 0.12927904E+04
 0.16500000E+02; 0.13221575E+04
 0.17000000E+02; 0.13560802E+04
 0.17500000E+02; 0.13815524E+04
 0.18000000E+02; 0.15157595E+04
 0.18500000E+02; 0.16766676E+04
 0.19000000E+02; 0.19103586E+04
 0.19500000E+02; 0.22353647E+04
 0.20000000E+02; 0.26952219E+04
 0.20500000E+02; 0.32185696E+04
 0.21000000E+02; 0.38031987E+04
 0.21500000E+02; 0.45313223E+04
 0.22000000E+02; 0.52995508E+04
 0.22500000E+02; 0.62066865E+04
 0.23000000E+02; 0.71126694E+04
 0.23500000E+02; 0.80298853E+04
 0.24000000E+02; 0.91273359E+04
 0.24500000E+02; 0.99633369E+04
 0.25000000E+02; 0.11035673E+05
 0.25500000E+02; 0.11916524E+05
 0.26000000E+02; 0.12845617E+05
 0.26500000E+02; 0.13640840E+05
 0.27000000E+02; 0.14575793E+05
 0.27500000E+02; 0.15394893E+05
 0.28000000E+02; 0.16278244E+05
 0.28500000E+02; 0.17216277E+05
 0.29000000E+02; 0.18080455E+05
 0.29500000E+02; 0.18783352E+05
 0.30000000E+02; 0.19685412E+05
 0.30500000E+02; 0.20480826E+05
 0.31000000E+02; 0.21252771E+05
 0.31500000E+02; 0.21957209E+05
 0.32000000E+02; 0.22675715E+05
 0.32500000E+02; 0.23242260E+05
 0.33000000E+02; 0.23855188E+05
 0.33500000E+02; 0.24160291E+05
 0.34000000E+02; 0.24814518E+05
 0.34500000E+02; 0.25259322E+05
 0.35000000E+02; 0.25552512E+05
 0.35500000E+02; 0.25875678E+05
 0.36000000E+02; 0.26348193E+05
 0.36500000E+02; 0.26878861E+05
 0.37000000E+02; 0.27149580E+05
 0.37500000E+02; 0.27400674E+05
 0.38000000E+02; 0.27849256E+05
 0.38500000E+02; 0.28377977E+05
 0.39000000E+02; 0.28729521E+05
 0.39500000E+02; 0.29211773E+05
 0.40000000E+02; 0.29757592E+05
 0.40500000E+02; 0.30290045E+05
 0.41000000E+02; 0.30916686E+05
 0.41500000E+02; 0.31676572E+05
 0.42000000E+02; 0.32403074E+05
 0.42500000E+02; 0.33114867E+05
 0.43000000E+02; 0.34119328E+05
 0.43500000E+02; 0.34801746E+05
 0.44000000E+02; 0.35460023E+05
 0.44500000E+02; 0.36302242E+05
 0.45000000E+02; 0.36894031E+05
 0.45500000E+02; 0.37362914E+05
 0.46000000E+02; 0.37965902E+05
 0.46500000E+02; 0.38468152E+05
 0.47000000E+02; 0.38542898E+05
 0.47500000E+02; 0.38944496E+05
 0.48000000E+02; 0.38656727E+05
 0.48500000E+02; 0.38808250E+05
 0.49000000E+02; 0.38466367E+05
 0.49500000E+02; 0.38187402E+05
 0.50000000E+02; 0.37751785E+05
 0.50500000E+02; 0.37193176E+05
 0.51000000E+02; 0.36368695E+05
 0.51500000E+02; 0.35626711E+05
 0.52000000E+02; 0.34909164E+05
 0.52500000E+02; 0.34340492E+05
 0.53000000E+02; 0.33850398E+05
 0.53500000E+02; 0.33535156E+05
 0.54000000E+02; 0.33281289E+05
 0.54500000E+02; 0.33118918E+05
 0.55000000E+02; 0.33161969E+05
 0.55500000E+02; 0.33297773E+05
 0.56000000E+02; 0.33423445E+05
 0.56500000E+02; 0.33511941E+05
 0.57000000E+02; 0.33546809E+05
 0.57500000E+02; 0.33705738E+05
 0.58000000E+02; 0.33983238E+05
 0.58500000E+02; 0.34012703E+05
 0.59000000E+02; 0.34443828E+05
 0.59500000E+02; 0.34644730E+05
 0.60000000E+02; 0.34946812E+05
 0.60500000E+02; 0.35484930E+05
 0.61000000E+02; 0.35765391E+05
 0.61500000E+02; 0.36184215E+05
 0.62000000E+02; 0.36837273E+05
 0.62500000E+02; 0.37265734E+05
 0.63000000E+02; 0.37802859E+05
 0.63500000E+02; 0.38546203E+05
 0.64000000E+02; 0.39105734E+05
 0.64500000E+02; 0.39772918E+05
 0.65000000E+02; 0.40607582E+05
 0.65500000E+02; 0.41450109E+05
 0.66000000E+02; 0.42209578E+05
 0.66500000E+02; 0.42979688E+05
 0.67000000E+02; 0.43948922E+05
 0.67500000E+02; 0.44888391E+05
 0.68000000E+02; 0.45946082E+05
 0.68500000E+02; 0.47046449E+05
 0.69000000E+02; 0.47955273E+05
 0.69500000E+02; 0.48932672E+05
 0.70000000E+02; 0.49898539E+05
 0.70500000E+02; 0.50927723E+05
 0.71000000E+02; 0.51731238E+05
 0.71500000E+02; 0.52635141E+05
 0.72000000E+02; 0.53167625E+05
 0.72500000E+02; 0.53832652E+05
 0.73000000E+02; 0.54114578E+05
 0.73500000E+02; 0.54443637E+05
 0.74000000E+02; 0.54601512E+05
 0.74500000E+02; 0.54688074E+05
 0.75000000E+02; 0.55006520E+05
 0.75500000E+02; 0.54711238E+05
 0.76000000E+02; 0.55167875E+05
 0.76500000E+02; 0.55340117E+05
 0.77000000E+02; 0.55172801E+05
 0.77500000E+02; 0.55252023E+05
 0.78000000E+02; 0.55294832E+05
 0.78500000E+02; 0.55372875E+05
 0.79000000E+02; 0.55213152E+05
 0.79500000E+02; 0.55321480E+05
 0.80000000E+02; 0.55640598E+05
 0.80500000E+02; 0.55111492E+05
 0.81000000E+02; 0.55558754E+05
 0.81500000E+02; 0.55547277E+05
 0.82000000E+02; 0.55669777E+05
 0.82500000E+02; 0.55798195E+05
 0.83000000E+02; 0.55570664E+05
 0.83500000E+02; 0.55787723E+05
 0.84000000E+02; 0.55865711E+05
 0.84500000E+02; 0.55880152E+05
 0.85000000E+02; 0.56097570E+05
 0.85500000E+02; 0.55978008E+05
 0.86000000E+02; 0.56214016E+05
 0.86500000E+02; 0.56499887E+05
 0.87000000E+02; 0.56566441E+05
 0.87500000E+02; 0.56664984E+05
 0.88000000E+02; 0.56923617E+05
 0.88500000E+02; 0.57113070E+05
 0.89000000E+02; 0.57354254E+05
 0.89500000E+02; 0.57439691E+05
 0.90000000E+02; 0.57587875E+05
 0.90500000E+02; 0.57763398E+05
 0.91000000E+02; 0.58049961E+05
 0.91500000E+02; 0.58008594E+05
 0.92000000E+02; 0.57841234E+05
 0.92500000E+02; 0.57828941E+05
 0.93000000E+02; 0.57603148E+05
 0.93500000E+02; 0.57590535E+05
 0.94000000E+02; 0.57525246E+05
 0.94500000E+02; 0.57139254E+05
 0.95000000E+02; 0.56920172E+05
 0.95500000E+02; 0.56160629E+05
 0.96000000E+02; 0.56081445E+05
 0.96500000E+02; 0.55490953E+05
 0.97000000E+02; 0.55000062E+05
 0.97500000E+02; 0.54708109E+05
 0.98000000E+02; 0.54216582E+05
 0.98500000E+02; 0.53818559E+05
 0.99000000E+02; 0.53250383E+05
 0.99500000E+02; 0.52582113E+05
 0.10000000E+03; 0.52175391E+05
 0.10050000E+03; 0.51579164E+05
 0.10100000E+03; 0.51359656E+05
 0.10150000E+03; 0.50584965E+05
 0.10200000E+03; 0.50406152E+05
 0.10250000E+03; 0.50068039E+05
 0.10300000E+03; 0.49562285E+05
 0.10350000E+03; 0.49114859E+05
 0.10400000E+03; 0.48685672E+05
 0.10450000E+03; 0.48147766E+05
 0.10500000E+03; 0.47837184E+05
 0.10550000E+03; 0.47565941E+05
 0.10600000E+03; 0.47211977E+05
 0.10650000E+03; 0.46864070E+05
 0.10700000E+03; 0.46432008E+05
 0.10750000E+03; 0.46179605E+05
 0.10800000E+03; 0.45692996E+05
 0.10850000E+03; 0.45612031E+05
 0.10900000E+03; 0.45179344E+05
 0.10950000E+03; 0.44597219E+05
 0.11000000E+03; 0.44493203E+05
 0.11050000E+03; 0.44249316E+05
 0.11100000E+03; 0.43960184E+05
 0.11150000E+03; 0.43692668E+05
 0.11200000E+03; 0.43155402E+05
 0.11250000E+03; 0.43090895E+05
 0.11300000E+03; 0.42570551E+05
 0.11350000E+03; 0.42326473E+05
 0.11400000E+03; 0.42177031E+05
 0.11450000E+03; 0.41900715E+05
 0.11500000E+03; 0.41672477E+05
 0.11550000E+03; 0.41414012E+05
 0.11600000E+03; 0.40953496E+05
 0.11650000E+03; 0.40872309E+05
 0.11700000E+03; 0.40585910E+05
 0.11750000E+03; 0.40335762E+05
 0.11800000E+03; 0.40041855E+05
 0.11850000E+03; 0.39685812E+05
 0.11900000E+03; 0.39634840E+05
 0.11950000E+03; 0.39318078E+05
 0.12000000E+03; 0.39137961E+05
 0.12050000E+03; 0.38890148E+05
 0.12100000E+03; 0.38374867E+05
 0.12150000E+03; 0.38416027E+05
 0.12200000E+03; 0.38152848E+05
 0.12250000E+03; 0.37929730E+05
 0.12300000E+03; 0.37761355E+05
 0.12350000E+03; 0.37433547E+05
 0.12400000E+03; 0.37310281E+05
 0.12450000E+03; 0.37178809E+05
 0.12500000E+03; 0.36987598E+05
 0.12550000E+03; 0.36778629E+05
 0.12600000E+03; 0.36720328E+05
 0.12650000E+03; 0.36643500E+05
 0.12700000E+03; 0.36483961E+05
 0.12750000E+03; 0.36371391E+05
 0.12800000E+03; 0.36473516E+05
 0.12850000E+03; 0.36455352E+05
 0.12900000E+03; 0.36447922E+05
 0.12950000E+03; 0.36759566E+05
 0.13000000E+03; 0.36852555E+05
 0.13050000E+03; 0.37016305E+05
 0.13100000E+03; 0.37449188E+05
 0.13150000E+03; 0.38062746E+05
 0.13200000E+03; 0.38381809E+05
 0.13250000E+03; 0.39027547E+05
 0.13300000E+03; 0.39717234E+05
 0.13350000E+03; 0.40639426E+05
 0.13400000E+03; 0.41617262E+05
 0.13450000E+03; 0.42607098E+05
 0.13500000E+03; 0.43738367E+05
 0.13550000E+03; 0.44848578E+05
 0.13600000E+03; 0.45968191E+05
 0.13650000E+03; 0.46881336E+05
 0.13700000E+03; 0.47532461E+05
 0.13750000E+03; 0.48076262E+05
 0.13800000E+03; 0.48384719E+05
 0.13850000E+03; 0.48485129E+05
 0.13900000E+03; 0.48176418E+05
 0.13950000E+03; 0.47265699E+05
 0.14000000E+03; 0.45874875E+05
 0.14050000E+03; 0.44187520E+05
 0.14100000E+03; 0.42110027E+05
 0.14150000E+03; 0.39612840E+05
 0.14200000E+03; 0.36607707E+05
 0.14250000E+03; 0.33722117E+05
 0.14300000E+03; 0.30431625E+05
 0.14350000E+03; 0.27148355E+05
 0.14400000E+03; 0.24012785E+05
 0.14450000E+03; 0.20758281E+05
 0.14500000E+03; 0.17783039E+05
 0.14550000E+03; 0.15096966E+05
 0.14600000E+03; 0.12511686E+05
 0.14650000E+03; 0.10337699E+05
 0.14700000E+03; 0.83154365E+04
 0.14750000E+03; 0.66255386E+04
 0.14800000E+03; 0.52032061E+04
 0.14850000E+03; 0.39576653E+04
 0.14900000E+03; 0.30457722E+04
 0.14950000E+03; 0.22728872E+04
 0.15000000E+03; 0.17018674E+04
 0.15050000E+03; 0.12426172E+04
 0.15100000E+03; 0.88899109E+03
 0.15150000E+03; 0.61344415E+03
 0.15200000E+03; 0.43238678E+03
 0.15250000E+03; 0.29058679E+03
 0.15300000E+03; 0.20786606E+03
 0.15350000E+03; 0.14017738E+03
 0.15400000E+03; 0.84075981E+02
 0.15450000E+03; 0.56301163E+02
 0.15500000E+03; 0.32701790E+02
 0.15550000E+03; 0.25738710E+02
 0.15600000E+03; 0.15170039E+02
 0.15650000E+03; 0.89715147E+01
 0.15700000E+03; 0.50240865E+01
 0.15750000E+03; 0.36985064E+01
 0.15800000E+03; 0.13094486E+01
 0.15850000E+03; 0.11985044E+01
 0.15900000E+03; 0.79751146E+00
 0.15950000E+03; 0.34454203E+00
 0.16000000E+03; 0.50318182E+00
 0.16050000E+03; 0.11170943E+00
 0.16100000E+03; 0.14124949E-01
 0.16150000E+03; 0.25588661E-01
 0.16200000E+03; 0.54914236E-01
 0.16250000E+03; 0.00000000E+00
 0.16300000E+03; 0.00000000E+00
 0.16350000E+03; 0.00000000E+00
 0.16400000E+03; 0.00000000E+00
 0.16450000E+03; 0.00000000E+00
 0.16500000E+03; 0.00000000E+00
 0.16550000E+03; 0.00000000E+00
 0.16600000E+03; 0.00000000E+00
 0.16650000E+03; 0.00000000E+00
 0.16700000E+03; 0.00000000E+00
 0.16750000E+03; 0.00000000E+00
 0.16800000E+03; 0.00000000E+00
 0.16850000E+03; 0.00000000E+00
 0.16900000E+03; 0.00000000E+00
 0.16950000E+03; 0.00000000E+00
 0.17000000E+03; 0.00000000E+00
 0.17050000E+03; 0.00000000E+00
 0.17100000E+03; 0.00000000E+00
 0.17150000E+03; 0.00000000E+00
 0.17200000E+03; 0.00000000E+00
 0.17250000E+03; 0.00000000E+00
 0.17300000E+03; 0.00000000E+00
 0.17350000E+03; 0.00000000E+00
 0.17400000E+03; 0.00000000E+00
 0.17450000E+03; 0.00000000E+00
 0.17500000E+03; 0.00000000E+00
 0.17550000E+03; 0.00000000E+00
 0.17600000E+03; 0.00000000E+00
 0.17650000E+03; 0.00000000E+00
 0.17700000E+03; 0.00000000E+00
 0.17750000E+03; 0.00000000E+00
 0.17800000E+03; 0.00000000E+00
 0.17850000E+03; 0.00000000E+00
 0.17900000E+03; 0.00000000E+00
 0.17950000E+03; 0.00000000E+00
 0.18000000E+03; 0.00000000E+00
 0.18050000E+03; 0.00000000E+00
 0.18100000E+03; 0.00000000E+00
 0.18150000E+03; 0.00000000E+00
 0.18200000E+03; 0.00000000E+00
 0.18250000E+03; 0.00000000E+00
 0.18300000E+03; 0.00000000E+00
 0.18350000E+03; 0.00000000E+00
 0.18400000E+03; 0.00000000E+00
 0.18450000E+03; 0.00000000E+00
 0.18500000E+03; 0.00000000E+00
 0.18550000E+03; 0.00000000E+00
 0.18600000E+03; 0.00000000E+00
 0.18650000E+03; 0.00000000E+00
 0.18700000E+03; 0.00000000E+00
 0.18750000E+03; 0.00000000E+00
 0.18800000E+03; 0.00000000E+00
 0.18850000E+03; 0.00000000E+00
 0.18900000E+03; 0.00000000E+00
 0.18950000E+03; 0.00000000E+00
 0.19000000E+03; 0.00000000E+00
 0.19050000E+03; 0.00000000E+00
 0.19100000E+03; 0.00000000E+00
 0.19150000E+03; 0.00000000E+00
 0.19200000E+03; 0.00000000E+00
 0.19250000E+03; 0.00000000E+00
 0.19300000E+03; 0.00000000E+00
 0.19350000E+03; 0.00000000E+00
 0.19400000E+03; 0.00000000E+00
 0.19450000E+03; 0.00000000E+00
 0.19500000E+03; 0.00000000E+00
 0.19550000E+03; 0.00000000E+00
 0.19600000E+03; 0.00000000E+00
 0.19650000E+03; 0.00000000E+00
 0.19700000E+03; 0.00000000E+00
 0.19750000E+03; 0.00000000E+00
 0.19800000E+03; 0.00000000E+00
 0.19850000E+03; 0.00000000E+00
 0.19900000E+03; 0.00000000E+00
 0.19950000E+03; 0.00000000E+00
 0.20000000E+03; 0.00000000E+00
 0.20050000E+03; 0.00000000E+00
 0.20100000E+03; 0.00000000E+00
 0.20150000E+03; 0.00000000E+00
 0.20200000E+03; 0.00000000E+00
 0.20250000E+03; 0.00000000E+00
 0.20300000E+03; 0.00000000E+00
 0.20350000E+03; 0.00000000E+00
 0.20400000E+03; 0.00000000E+00
 0.20450000E+03; 0.00000000E+00
 0.20500000E+03; 0.00000000E+00
 0.20550000E+03; 0.00000000E+00
 0.20600000E+03; 0.00000000E+00
 0.20650000E+03; 0.00000000E+00
 0.20700000E+03; 0.00000000E+00
 0.20750000E+03; 0.00000000E+00
 0.20800000E+03; 0.00000000E+00
 0.20850000E+03; 0.00000000E+00
 0.20900000E+03; 0.00000000E+00
 0.20950000E+03; 0.00000000E+00
 0.21000000E+03; 0.00000000E+00
 0.21050000E+03; 0.00000000E+00
 0.21100000E+03; 0.00000000E+00
 0.21150000E+03; 0.00000000E+00
 0.21200000E+03; 0.00000000E+00
 0.21250000E+03; 0.00000000E+00
 0.21300000E+03; 0.00000000E+00
 0.21350000E+03; 0.00000000E+00
 0.21400000E+03; 0.00000000E+00
 0.21450000E+03; 0.00000000E+00
 0.21500000E+03; 0.00000000E+00
 0.21550000E+03; 0.00000000E+00
 0.21600000E+03; 0.00000000E+00
 0.21650000E+03; 0.00000000E+00
 0.21700000E+03; 0.00000000E+00
 0.21750000E+03; 0.00000000E+00
 0.21800000E+03; 0.00000000E+00
 0.21850000E+03; 0.00000000E+00
 0.21900000E+03; 0.00000000E+00
 0.21950000E+03; 0.00000000E+00
 0.22000000E+03; 0.00000000E+00
 0.22050000E+03; 0.00000000E+00
 0.22100000E+03; 0.00000000E+00
 0.22150000E+03; 0.00000000E+00
 0.22200000E+03; 0.00000000E+00
 0.22250000E+03; 0.00000000E+00
 0.22300000E+03; 0.00000000E+00
 0.22350000E+03; 0.00000000E+00
 0.22400000E+03; 0.00000000E+00
 0.22450000E+03; 0.00000000E+00
 0.22500000E+03; 0.00000000E+00
 0.22550000E+03; 0.00000000E+00
 0.22600000E+03; 0.00000000E+00
 0.22650000E+03; 0.00000000E+00
 0.22700000E+03; 0.00000000E+00
 0.22750000E+03; 0.00000000E+00
 0.22800000E+03; 0.00000000E+00
 0.22850000E+03; 0.00000000E+00
 0.22900000E+03; 0.00000000E+00
 0.22950000E+03; 0.00000000E+00
 0.23000000E+03; 0.00000000E+00
 0.23050000E+03; 0.00000000E+00
 0.23100000E+03; 0.00000000E+00
 0.23150000E+03; 0.00000000E+00
 0.23200000E+03; 0.00000000E+00
 0.23250000E+03; 0.00000000E+00
 0.23300000E+03; 0.00000000E+00
 0.23350000E+03; 0.00000000E+00
 0.23400000E+03; 0.00000000E+00
 0.23450000E+03; 0.00000000E+00
 0.23500000E+03; 0.00000000E+00
 0.23550000E+03; 0.00000000E+00
 0.23600000E+03; 0.00000000E+00
 0.23650000E+03; 0.00000000E+00
 0.23700000E+03; 0.00000000E+00
 0.23750000E+03; 0.00000000E+00
 0.23800000E+03; 0.00000000E+00
 0.23850000E+03; 0.00000000E+00
 0.23900000E+03; 0.00000000E+00
 0.23950000E+03; 0.00000000E+00
 0.24000000E+03; 0.00000000E+00
 0.24050000E+03; 0.00000000E+00
 0.24100000E+03; 0.00000000E+00
 0.24150000E+03; 0.00000000E+00
 0.24200000E+03; 0.00000000E+00
 0.24250000E+03; 0.00000000E+00
 0.24300000E+03; 0.00000000E+00
 0.24350000E+03; 0.00000000E+00
 0.24400000E+03; 0.00000000E+00
 0.24450000E+03; 0.00000000E+00
 0.24500000E+03; 0.00000000E+00
 0.24550000E+03; 0.00000000E+00
 0.24600000E+03; 0.00000000E+00
 0.24650000E+03; 0.00000000E+00
 0.24700000E+03; 0.00000000E+00
 0.24750000E+03; 0.00000000E+00
 0.24800000E+03; 0.00000000E+00
 0.24850000E+03; 0.00000000E+00
 0.24900000E+03; 0.00000000E+00
 0.24950000E+03; 0.00000000E+00
 0.25000000E+03; 0.00000000E+00
 0.25050000E+03; 0.00000000E+00
 0.25100000E+03; 0.00000000E+00
 0.25150000E+03; 0.00000000E+00
 0.25200000E+03; 0.00000000E+00
 0.25250000E+03; 0.00000000E+00
 0.25300000E+03; 0.00000000E+00
 0.25350000E+03; 0.00000000E+00
 0.25400000E+03; 0.00000000E+00
 0.25450000E+03; 0.00000000E+00
 0.25500000E+03; 0.00000000E+00
 0.25550000E+03; 0.00000000E+00
 0.25600000E+03; 0.00000000E+00
