 0.50000000E+00; 0.12923163E+04
 0.10000000E+01; 0.14970253E+04
 0.15000000E+01; 0.16273405E+04
 0.20000000E+01; 0.15724458E+04
 0.25000000E+01; 0.15184111E+04
 0.30000000E+01; 0.14530914E+04
 0.35000000E+01; 0.14230889E+04
 0.40000000E+01; 0.12826852E+04
 0.45000000E+01; 0.12136892E+04
 0.50000000E+01; 0.11650164E+04
 0.55000000E+01; 0.10845544E+04
 0.60000000E+01; 0.10325801E+04
 0.65000000E+01; 0.10151107E+04
 0.70000000E+01; 0.98604108E+03
 0.75000000E+01; 0.95322327E+03
 0.80000000E+01; 0.92378094E+03
 0.85000000E+01; 0.92439117E+03
 0.90000000E+01; 0.90588873E+03
 0.95000000E+01; 0.92604462E+03
 0.10000000E+02; 0.91172101E+03
 0.10500000E+02; 0.91180042E+03
 0.11000000E+02; 0.92120978E+03
 0.11500000E+02; 0.98142279E+03
 0.12000000E+02; 0.10345371E+04
 0.12500000E+02; 0.10602083E+04
 0.13000000E+02; 0.11301237E+04
 0.13500000E+02; 0.11476322E+04
 0.14000000E+02; 0.12087107E+04
 0.14500000E+02; 0.12738881E+04
 0.15000000E+02; 0.13039310E+04
 0.15500000E+02; 0.12901077E+04
 0.16000000E+02; 0.13316099E+04
 0.16500000E+02; 0.13321504E+04
 0.17000000E+02; 0.13580626E+04
 0.17500000E+02; 0.14165228E+04
 0.18000000E+02; 0.15202388E+04
 0.18500000E+02; 0.16781949E+04
 0.19000000E+02; 0.19215046E+04
 0.19500000E+02; 0.22246477E+04
 0.20000000E+02; 0.26505850E+04
 0.20500000E+02; 0.31798589E+04
 0.21000000E+02; 0.38982517E+04
 0.21500000E+02; 0.45068804E+04
 0.22000000E+02; 0.53789893E+04
 0.22500000E+02; 0.62770630E+04
 0.23000000E+02; 0.71891411E+04
 0.23500000E+02; 0.82002793E+04
 0.24000000E+02; 0.91461162E+04
 0.24500000E+02; 0.10149934E+05
 0.25000000E+02; 0.11033613E+05
 0.25500000E+02; 0.11939271E+05
 0.26000000E+02; 0.12949879E+05
 0.26500000E+02; 0.13776012E+05
 0.27000000E+02; 0.14663868E+05
 0.27500000E+02; 0.15529770E+05
 0.28000000E+02; 0.16367678E+05
 0.28500000E+02; 0.17218979E+05
 0.29000000E+02; 0.17957805E+05
 0.29500000E+02; 0.18866400E+05
 0.30000000E+02; 0.19539150E+05
 0.30500000E+02; 0.20499045E+05
 0.31000000E+02; 0.21314262E+05
 0.31500000E+02; 0.22053121E+05
 0.32000000E+02; 0.22726074E+05
 0.32500000E+02; 0.23379232E+05
 0.33000000E+02; 0.23831037E+05
 0.33500000E+02; 0.24321227E+05
 0.34000000E+02; 0.24790072E+05
 0.34500000E+02; 0.25284094E+05
 0.35000000E+02; 0.25504061E+05
 0.35500000E+02; 0.26017807E+05
 0.36000000E+02; 0.26477318E+05
 0.36500000E+02; 0.26721721E+05
 0.37000000E+02; 0.27335770E+05
 0.37500000E+02; 0.27596531E+05
 0.38000000E+02; 0.28046545E+05
 0.38500000E+02; 0.28608459E+05
 0.39000000E+02; 0.28930357E+05
 0.39500000E+02; 0.29373027E+05
 0.40000000E+02; 0.29855539E+05
 0.40500000E+02; 0.30382807E+05
 0.41000000E+02; 0.30994809E+05
 0.41500000E+02; 0.31844586E+05
 0.42000000E+02; 0.32571629E+05
 0.42500000E+02; 0.33192258E+05
 0.43000000E+02; 0.34118684E+05
 0.43500000E+02; 0.34884559E+05
 0.44000000E+02; 0.35657957E+05
 0.44500000E+02; 0.36050312E+05
 0.45000000E+02; 0.36785867E+05
 0.45500000E+02; 0.37457266E+05
 0.46000000E+02; 0.37942816E+05
 0.46500000E+02; 0.38405699E+05
 0.47000000E+02; 0.38581141E+05
 0.47500000E+02; 0.38769133E+05
 0.48000000E+02; 0.38644086E+05
 0.48500000E+02; 0.38586715E+05
 0.49000000E+02; 0.38426465E+05
 0.49500000E+02; 0.38067289E+05
 0.50000000E+02; 0.37492969E+05
 0.50500000E+02; 0.36966957E+05
 0.51000000E+02; 0.36198180E+05
 0.51500000E+02; 0.35514543E+05
 0.52000000E+02; 0.34914555E+05
 0.52500000E+02; 0.34445742E+05
 0.53000000E+02; 0.33863707E+05
 0.53500000E+02; 0.33524395E+05
 0.54000000E+02; 0.33307539E+05
 0.54500000E+02; 0.33181504E+05
 0.55000000E+02; 0.33145562E+05
 0.55500000E+02; 0.33370004E+05
 0.56000000E+02; 0.33421488E+05
 0.56500000E+02; 0.33431008E+05
 0.57000000E+02; 0.33536371E+05
 0.57500000E+02; 0.33774586E+05
 0.58000000E+02; 0.34027066E+05
 0.58500000E+02; 0.34145055E+05
 0.59000000E+02; 0.34260574E+05
 0.59500000E+02; 0.34874527E+05
 0.60000000E+02; 0.35071156E+05
 0.60500000E+02; 0.35500309E+05
 0.61000000E+02; 0.35910898E+05
 0.61500000E+02; 0.36253449E+05
 0.62000000E+02; 0.36859645E+05
 0.62500000E+02; 0.37430027E+05
 0.63000000E+02; 0.38102648E+05
 0.63500000E+02; 0.38694410E+05
 0.64000000E+02; 0.39387078E+05
 0.64500000E+02; 0.39868410E+05
 0.65000000E+02; 0.40706059E+05
 0.65500000E+02; 0.41512598E+05
 0.66000000E+02; 0.42398559E+05
 0.66500000E+02; 0.43260656E+05
 0.67000000E+02; 0.43978250E+05
 0.67500000E+02; 0.45012488E+05
 0.68000000E+02; 0.46085848E+05
 0.68500000E+02; 0.47205074E+05
 0.69000000E+02; 0.48228102E+05
 0.69500000E+02; 0.49244180E+05
 0.70000000E+02; 0.50121707E+05
 0.70500000E+02; 0.51117270E+05
 0.71000000E+02; 0.51890805E+05
 0.71500000E+02; 0.52598227E+05
 0.72000000E+02; 0.53211223E+05
 0.72500000E+02; 0.53820441E+05
 0.73000000E+02; 0.54406207E+05
 0.73500000E+02; 0.54494641E+05
 0.74000000E+02; 0.54530203E+05
 0.74500000E+02; 0.54865055E+05
 0.75000000E+02; 0.54963711E+05
 0.75500000E+02; 0.54881035E+05
 0.76000000E+02; 0.54921535E+05
 0.76500000E+02; 0.55183230E+05
 0.77000000E+02; 0.55307656E+05
 0.77500000E+02; 0.55156082E+05
 0.78000000E+02; 0.55267965E+05
 0.78500000E+02; 0.55367926E+05
 0.79000000E+02; 0.55212855E+05
 0.79500000E+02; 0.55315727E+05
 0.80000000E+02; 0.55552785E+05
 0.80500000E+02; 0.55483727E+05
 0.81000000E+02; 0.55318473E+05
 0.81500000E+02; 0.55684156E+05
 0.82000000E+02; 0.55627215E+05
 0.82500000E+02; 0.55741469E+05
 0.83000000E+02; 0.55434977E+05
 0.83500000E+02; 0.55769750E+05
 0.84000000E+02; 0.55853844E+05
 0.84500000E+02; 0.55987523E+05
 0.85000000E+02; 0.56146590E+05
 0.85500000E+02; 0.55963605E+05
 0.86000000E+02; 0.56412176E+05
 0.86500000E+02; 0.56328762E+05
 0.87000000E+02; 0.56632164E+05
 0.87500000E+02; 0.56546254E+05
 0.88000000E+02; 0.56994035E+05
 0.88500000E+02; 0.56966164E+05
 0.89000000E+02; 0.57157637E+05
 0.89500000E+02; 0.57607820E+05
 0.90000000E+02; 0.57638918E+05
 0.90500000E+02; 0.57764113E+05
 0.91000000E+02; 0.57761922E+05
 0.91500000E+02; 0.57880906E+05
 0.92000000E+02; 0.57967766E+05
 0.92500000E+02; 0.57826535E+05
 0.93000000E+02; 0.57683195E+05
 0.93500000E+02; 0.57271559E+05
 0.94000000E+02; 0.57170098E+05
 0.94500000E+02; 0.57092113E+05
 0.95000000E+02; 0.56824012E+05
 0.95500000E+02; 0.56519008E+05
 0.96000000E+02; 0.55780508E+05
 0.96500000E+02; 0.55482777E+05
 0.97000000E+02; 0.54891820E+05
 0.97500000E+02; 0.54695449E+05
 0.98000000E+02; 0.54119207E+05
 0.98500000E+02; 0.53551410E+05
 0.99000000E+02; 0.53113578E+05
 0.99500000E+02; 0.52596133E+05
 0.10000000E+03; 0.52052410E+05
 0.10050000E+03; 0.51578586E+05
 0.10100000E+03; 0.51227660E+05
 0.10150000E+03; 0.50684559E+05
 0.10200000E+03; 0.50317863E+05
 0.10250000E+03; 0.50158777E+05
 0.10300000E+03; 0.49550680E+05
 0.10350000E+03; 0.49056926E+05
 0.10400000E+03; 0.48823859E+05
 0.10450000E+03; 0.48380152E+05
 0.10500000E+03; 0.47819820E+05
 0.10550000E+03; 0.47691258E+05
 0.10600000E+03; 0.47072059E+05
 0.10650000E+03; 0.46730801E+05
 0.10700000E+03; 0.46435566E+05
 0.10750000E+03; 0.46124055E+05
 0.10800000E+03; 0.45924328E+05
 0.10850000E+03; 0.45483285E+05
 0.10900000E+03; 0.45165594E+05
 0.10950000E+03; 0.44954453E+05
 0.11000000E+03; 0.44503254E+05
 0.11050000E+03; 0.44280703E+05
 0.11100000E+03; 0.43901262E+05
 0.11150000E+03; 0.43756551E+05
 0.11200000E+03; 0.43388992E+05
 0.11250000E+03; 0.43095586E+05
 0.11300000E+03; 0.42790895E+05
 0.11350000E+03; 0.42451742E+05
 0.11400000E+03; 0.42326215E+05
 0.11450000E+03; 0.42126555E+05
 0.11500000E+03; 0.41893297E+05
 0.11550000E+03; 0.41706664E+05
 0.11600000E+03; 0.41412059E+05
 0.11650000E+03; 0.40940023E+05
 0.11700000E+03; 0.40655645E+05
 0.11750000E+03; 0.40477863E+05
 0.11800000E+03; 0.40145551E+05
 0.11850000E+03; 0.39990531E+05
 0.11900000E+03; 0.39440930E+05
 0.11950000E+03; 0.39418883E+05
 0.12000000E+03; 0.39346672E+05
 0.12050000E+03; 0.38985367E+05
 0.12100000E+03; 0.38785625E+05
 0.12150000E+03; 0.38537109E+05
 0.12200000E+03; 0.38149613E+05
 0.12250000E+03; 0.38054258E+05
 0.12300000E+03; 0.37784805E+05
 0.12350000E+03; 0.37751516E+05
 0.12400000E+03; 0.37599754E+05
 0.12450000E+03; 0.37277309E+05
 0.12500000E+03; 0.37195469E+05
 0.12550000E+03; 0.36925906E+05
 0.12600000E+03; 0.36837137E+05
 0.12650000E+03; 0.36841410E+05
 0.12700000E+03; 0.36672812E+05
 0.12750000E+03; 0.36658141E+05
 0.12800000E+03; 0.36699832E+05
 0.12850000E+03; 0.36665957E+05
 0.12900000E+03; 0.36520195E+05
 0.12950000E+03; 0.36616555E+05
 0.13000000E+03; 0.36842309E+05
 0.13050000E+03; 0.37087434E+05
 0.13100000E+03; 0.37314043E+05
 0.13150000E+03; 0.37813641E+05
 0.13200000E+03; 0.38306766E+05
 0.13250000E+03; 0.39010883E+05
 0.13300000E+03; 0.39672898E+05
 0.13350000E+03; 0.40461770E+05
 0.13400000E+03; 0.41341961E+05
 0.13450000E+03; 0.42388812E+05
 0.13500000E+03; 0.43431410E+05
 0.13550000E+03; 0.44566609E+05
 0.13600000E+03; 0.45661969E+05
 0.13650000E+03; 0.46425305E+05
 0.13700000E+03; 0.47270906E+05
 0.13750000E+03; 0.47683391E+05
 0.13800000E+03; 0.47925570E+05
 0.13850000E+03; 0.48051340E+05
 0.13900000E+03; 0.47334516E+05
 0.13950000E+03; 0.46480676E+05
 0.14000000E+03; 0.45255676E+05
 0.14050000E+03; 0.43561465E+05
 0.14100000E+03; 0.41364699E+05
 0.14150000E+03; 0.38849754E+05
 0.14200000E+03; 0.36147496E+05
 0.14250000E+03; 0.33080914E+05
 0.14300000E+03; 0.30026572E+05
 0.14350000E+03; 0.26645371E+05
 0.14400000E+03; 0.23646988E+05
 0.14450000E+03; 0.20482062E+05
 0.14500000E+03; 0.17472129E+05
 0.14550000E+03; 0.14840478E+05
 0.14600000E+03; 0.12269252E+05
 0.14650000E+03; 0.10103680E+05
 0.14700000E+03; 0.81974346E+04
 0.14750000E+03; 0.64857847E+04
 0.14800000E+03; 0.50844771E+04
 0.14850000E+03; 0.39287271E+04
 0.14900000E+03; 0.30206709E+04
 0.14950000E+03; 0.22318135E+04
 0.15000000E+03; 0.16632261E+04
 0.15050000E+03; 0.12297405E+04
 0.15100000E+03; 0.86214661E+03
 0.15150000E+03; 0.61596960E+03
 0.15200000E+03; 0.41903513E+03
 0.15250000E+03; 0.29988281E+03
 0.15300000E+03; 0.20453529E+03
 0.15350000E+03; 0.13834914E+03
 0.15400000E+03; 0.82865730E+02
 0.15450000E+03; 0.52595371E+02
 0.15500000E+03; 0.37520550E+02
 0.15550000E+03; 0.27105579E+02
 0.15600000E+03; 0.11582797E+02
 0.15650000E+03; 0.76860700E+01
 0.15700000E+03; 0.61574135E+01
 0.15750000E+03; 0.26414192E+01
 0.15800000E+03; 0.15665671E+01
 0.15850000E+03; 0.59196150E+00
 0.15900000E+03; 0.29498515E+00
 0.15950000E+03; 0.35199413E+00
 0.16000000E+03; 0.37685004E+00
 0.16050000E+03; 0.89810044E-02
 0.16100000E+03; 0.00000000E+00
 0.16150000E+03; 0.12217070E-01
 0.16200000E+03; 0.00000000E+00
 0.16250000E+03; 0.00000000E+00
 0.16300000E+03; 0.00000000E+00
 0.16350000E+03; 0.00000000E+00
 0.16400000E+03; 0.00000000E+00
 0.16450000E+03; 0.00000000E+00
 0.16500000E+03; 0.00000000E+00
 0.16550000E+03; 0.00000000E+00
 0.16600000E+03; 0.00000000E+00
 0.16650000E+03; 0.00000000E+00
 0.16700000E+03; 0.00000000E+00
 0.16750000E+03; 0.00000000E+00
 0.16800000E+03; 0.00000000E+00
 0.16850000E+03; 0.00000000E+00
 0.16900000E+03; 0.00000000E+00
 0.16950000E+03; 0.00000000E+00
 0.17000000E+03; 0.00000000E+00
 0.17050000E+03; 0.00000000E+00
 0.17100000E+03; 0.00000000E+00
 0.17150000E+03; 0.00000000E+00
 0.17200000E+03; 0.00000000E+00
 0.17250000E+03; 0.00000000E+00
 0.17300000E+03; 0.00000000E+00
 0.17350000E+03; 0.00000000E+00
 0.17400000E+03; 0.00000000E+00
 0.17450000E+03; 0.00000000E+00
 0.17500000E+03; 0.00000000E+00
 0.17550000E+03; 0.00000000E+00
 0.17600000E+03; 0.00000000E+00
 0.17650000E+03; 0.00000000E+00
 0.17700000E+03; 0.00000000E+00
 0.17750000E+03; 0.00000000E+00
 0.17800000E+03; 0.00000000E+00
 0.17850000E+03; 0.00000000E+00
 0.17900000E+03; 0.00000000E+00
 0.17950000E+03; 0.00000000E+00
 0.18000000E+03; 0.00000000E+00
 0.18050000E+03; 0.00000000E+00
 0.18100000E+03; 0.00000000E+00
 0.18150000E+03; 0.00000000E+00
 0.18200000E+03; 0.00000000E+00
 0.18250000E+03; 0.00000000E+00
 0.18300000E+03; 0.00000000E+00
 0.18350000E+03; 0.00000000E+00
 0.18400000E+03; 0.00000000E+00
 0.18450000E+03; 0.00000000E+00
 0.18500000E+03; 0.00000000E+00
 0.18550000E+03; 0.00000000E+00
 0.18600000E+03; 0.00000000E+00
 0.18650000E+03; 0.00000000E+00
 0.18700000E+03; 0.00000000E+00
 0.18750000E+03; 0.00000000E+00
 0.18800000E+03; 0.00000000E+00
 0.18850000E+03; 0.00000000E+00
 0.18900000E+03; 0.00000000E+00
 0.18950000E+03; 0.00000000E+00
 0.19000000E+03; 0.00000000E+00
 0.19050000E+03; 0.00000000E+00
 0.19100000E+03; 0.00000000E+00
 0.19150000E+03; 0.00000000E+00
 0.19200000E+03; 0.00000000E+00
 0.19250000E+03; 0.00000000E+00
 0.19300000E+03; 0.00000000E+00
 0.19350000E+03; 0.00000000E+00
 0.19400000E+03; 0.00000000E+00
 0.19450000E+03; 0.00000000E+00
 0.19500000E+03; 0.00000000E+00
 0.19550000E+03; 0.00000000E+00
 0.19600000E+03; 0.00000000E+00
 0.19650000E+03; 0.00000000E+00
 0.19700000E+03; 0.00000000E+00
 0.19750000E+03; 0.00000000E+00
 0.19800000E+03; 0.00000000E+00
 0.19850000E+03; 0.00000000E+00
 0.19900000E+03; 0.00000000E+00
 0.19950000E+03; 0.00000000E+00
 0.20000000E+03; 0.00000000E+00
 0.20050000E+03; 0.00000000E+00
 0.20100000E+03; 0.00000000E+00
 0.20150000E+03; 0.00000000E+00
 0.20200000E+03; 0.00000000E+00
 0.20250000E+03; 0.00000000E+00
 0.20300000E+03; 0.00000000E+00
 0.20350000E+03; 0.00000000E+00
 0.20400000E+03; 0.00000000E+00
 0.20450000E+03; 0.00000000E+00
 0.20500000E+03; 0.00000000E+00
 0.20550000E+03; 0.00000000E+00
 0.20600000E+03; 0.00000000E+00
 0.20650000E+03; 0.00000000E+00
 0.20700000E+03; 0.00000000E+00
 0.20750000E+03; 0.00000000E+00
 0.20800000E+03; 0.00000000E+00
 0.20850000E+03; 0.00000000E+00
 0.20900000E+03; 0.00000000E+00
 0.20950000E+03; 0.00000000E+00
 0.21000000E+03; 0.00000000E+00
 0.21050000E+03; 0.00000000E+00
 0.21100000E+03; 0.00000000E+00
 0.21150000E+03; 0.00000000E+00
 0.21200000E+03; 0.00000000E+00
 0.21250000E+03; 0.00000000E+00
 0.21300000E+03; 0.00000000E+00
 0.21350000E+03; 0.00000000E+00
 0.21400000E+03; 0.00000000E+00
 0.21450000E+03; 0.00000000E+00
 0.21500000E+03; 0.00000000E+00
 0.21550000E+03; 0.00000000E+00
 0.21600000E+03; 0.00000000E+00
 0.21650000E+03; 0.00000000E+00
 0.21700000E+03; 0.00000000E+00
 0.21750000E+03; 0.00000000E+00
 0.21800000E+03; 0.00000000E+00
 0.21850000E+03; 0.00000000E+00
 0.21900000E+03; 0.00000000E+00
 0.21950000E+03; 0.00000000E+00
 0.22000000E+03; 0.00000000E+00
 0.22050000E+03; 0.00000000E+00
 0.22100000E+03; 0.00000000E+00
 0.22150000E+03; 0.00000000E+00
 0.22200000E+03; 0.00000000E+00
 0.22250000E+03; 0.00000000E+00
 0.22300000E+03; 0.00000000E+00
 0.22350000E+03; 0.00000000E+00
 0.22400000E+03; 0.00000000E+00
 0.22450000E+03; 0.00000000E+00
 0.22500000E+03; 0.00000000E+00
 0.22550000E+03; 0.00000000E+00
 0.22600000E+03; 0.00000000E+00
 0.22650000E+03; 0.00000000E+00
 0.22700000E+03; 0.00000000E+00
 0.22750000E+03; 0.00000000E+00
 0.22800000E+03; 0.00000000E+00
 0.22850000E+03; 0.00000000E+00
 0.22900000E+03; 0.00000000E+00
 0.22950000E+03; 0.00000000E+00
 0.23000000E+03; 0.00000000E+00
 0.23050000E+03; 0.00000000E+00
 0.23100000E+03; 0.00000000E+00
 0.23150000E+03; 0.00000000E+00
 0.23200000E+03; 0.00000000E+00
 0.23250000E+03; 0.00000000E+00
 0.23300000E+03; 0.00000000E+00
 0.23350000E+03; 0.00000000E+00
 0.23400000E+03; 0.00000000E+00
 0.23450000E+03; 0.00000000E+00
 0.23500000E+03; 0.00000000E+00
 0.23550000E+03; 0.00000000E+00
 0.23600000E+03; 0.00000000E+00
 0.23650000E+03; 0.00000000E+00
 0.23700000E+03; 0.00000000E+00
 0.23750000E+03; 0.00000000E+00
 0.23800000E+03; 0.00000000E+00
 0.23850000E+03; 0.00000000E+00
 0.23900000E+03; 0.00000000E+00
 0.23950000E+03; 0.00000000E+00
 0.24000000E+03; 0.00000000E+00
 0.24050000E+03; 0.00000000E+00
 0.24100000E+03; 0.00000000E+00
 0.24150000E+03; 0.00000000E+00
 0.24200000E+03; 0.00000000E+00
 0.24250000E+03; 0.00000000E+00
 0.24300000E+03; 0.00000000E+00
 0.24350000E+03; 0.00000000E+00
 0.24400000E+03; 0.00000000E+00
 0.24450000E+03; 0.00000000E+00
 0.24500000E+03; 0.00000000E+00
 0.24550000E+03; 0.00000000E+00
 0.24600000E+03; 0.00000000E+00
 0.24650000E+03; 0.00000000E+00
 0.24700000E+03; 0.00000000E+00
 0.24750000E+03; 0.00000000E+00
 0.24800000E+03; 0.00000000E+00
 0.24850000E+03; 0.00000000E+00
 0.24900000E+03; 0.00000000E+00
 0.24950000E+03; 0.00000000E+00
 0.25000000E+03; 0.00000000E+00
 0.25050000E+03; 0.00000000E+00
 0.25100000E+03; 0.00000000E+00
 0.25150000E+03; 0.00000000E+00
 0.25200000E+03; 0.00000000E+00
 0.25250000E+03; 0.00000000E+00
 0.25300000E+03; 0.00000000E+00
 0.25350000E+03; 0.00000000E+00
 0.25400000E+03; 0.00000000E+00
 0.25450000E+03; 0.00000000E+00
 0.25500000E+03; 0.00000000E+00
 0.25550000E+03; 0.00000000E+00
 0.25600000E+03; 0.00000000E+00
