 0.50000000E+00; 0.14214996E+04
 0.10000000E+01; 0.16491362E+04
 0.15000000E+01; 0.17645276E+04
 0.20000000E+01; 0.17260374E+04
 0.25000000E+01; 0.16953928E+04
 0.30000000E+01; 0.15669963E+04
 0.35000000E+01; 0.15470154E+04
 0.40000000E+01; 0.14031189E+04
 0.45000000E+01; 0.13360059E+04
 0.50000000E+01; 0.12512375E+04
 0.55000000E+01; 0.11941729E+04
 0.60000000E+01; 0.11244888E+04
 0.65000000E+01; 0.10698993E+04
 0.70000000E+01; 0.10128020E+04
 0.75000000E+01; 0.10058141E+04
 0.80000000E+01; 0.98357233E+03
 0.85000000E+01; 0.95906281E+03
 0.90000000E+01; 0.94389764E+03
 0.95000000E+01; 0.92380597E+03
 0.10000000E+02; 0.95693384E+03
 0.10500000E+02; 0.96929315E+03
 0.11000000E+02; 0.99817212E+03
 0.11500000E+02; 0.10201127E+04
 0.12000000E+02; 0.10826631E+04
 0.12500000E+02; 0.10925922E+04
 0.13000000E+02; 0.11326085E+04
 0.13500000E+02; 0.12416105E+04
 0.14000000E+02; 0.12582467E+04
 0.14500000E+02; 0.13197915E+04
 0.15000000E+02; 0.13342021E+04
 0.15500000E+02; 0.13702316E+04
 0.16000000E+02; 0.13725127E+04
 0.16500000E+02; 0.13785737E+04
 0.17000000E+02; 0.14418656E+04
 0.17500000E+02; 0.14725245E+04
 0.18000000E+02; 0.15558676E+04
 0.18500000E+02; 0.17257374E+04
 0.19000000E+02; 0.19371321E+04
 0.19500000E+02; 0.22782500E+04
 0.20000000E+02; 0.27351772E+04
 0.20500000E+02; 0.32268745E+04
 0.21000000E+02; 0.38770964E+04
 0.21500000E+02; 0.45859922E+04
 0.22000000E+02; 0.54079321E+04
 0.22500000E+02; 0.63236855E+04
 0.23000000E+02; 0.72987422E+04
 0.23500000E+02; 0.82439453E+04
 0.24000000E+02; 0.92198145E+04
 0.24500000E+02; 0.10233923E+05
 0.25000000E+02; 0.11215472E+05
 0.25500000E+02; 0.12132343E+05
 0.26000000E+02; 0.12964300E+05
 0.26500000E+02; 0.13831533E+05
 0.27000000E+02; 0.14749295E+05
 0.27500000E+02; 0.15652929E+05
 0.28000000E+02; 0.16403035E+05
 0.28500000E+02; 0.17403383E+05
 0.29000000E+02; 0.18184012E+05
 0.29500000E+02; 0.19068068E+05
 0.30000000E+02; 0.20002947E+05
 0.30500000E+02; 0.20799383E+05
 0.31000000E+02; 0.21694357E+05
 0.31500000E+02; 0.22297564E+05
 0.32000000E+02; 0.23120047E+05
 0.32500000E+02; 0.23816801E+05
 0.33000000E+02; 0.24395105E+05
 0.33500000E+02; 0.24735936E+05
 0.34000000E+02; 0.25290262E+05
 0.34500000E+02; 0.25770152E+05
 0.35000000E+02; 0.26313857E+05
 0.35500000E+02; 0.26603896E+05
 0.36000000E+02; 0.27006641E+05
 0.36500000E+02; 0.27542934E+05
 0.37000000E+02; 0.27929320E+05
 0.37500000E+02; 0.28407289E+05
 0.38000000E+02; 0.28749758E+05
 0.38500000E+02; 0.29188033E+05
 0.39000000E+02; 0.29731076E+05
 0.39500000E+02; 0.30179318E+05
 0.40000000E+02; 0.30851309E+05
 0.40500000E+02; 0.31621359E+05
 0.41000000E+02; 0.32224547E+05
 0.41500000E+02; 0.32985598E+05
 0.42000000E+02; 0.33871035E+05
 0.42500000E+02; 0.34721887E+05
 0.43000000E+02; 0.35591043E+05
 0.43500000E+02; 0.36367426E+05
 0.44000000E+02; 0.37298645E+05
 0.44500000E+02; 0.37876582E+05
 0.45000000E+02; 0.38697227E+05
 0.45500000E+02; 0.39291461E+05
 0.46000000E+02; 0.39878938E+05
 0.46500000E+02; 0.40604988E+05
 0.47000000E+02; 0.40831953E+05
 0.47500000E+02; 0.40916133E+05
 0.48000000E+02; 0.40887098E+05
 0.48500000E+02; 0.40774293E+05
 0.49000000E+02; 0.40513684E+05
 0.49500000E+02; 0.40175945E+05
 0.50000000E+02; 0.39618941E+05
 0.50500000E+02; 0.38854348E+05
 0.51000000E+02; 0.38238438E+05
 0.51500000E+02; 0.37410551E+05
 0.52000000E+02; 0.36650156E+05
 0.52500000E+02; 0.35814102E+05
 0.53000000E+02; 0.35187461E+05
 0.53500000E+02; 0.34770305E+05
 0.54000000E+02; 0.34536820E+05
 0.54500000E+02; 0.34463871E+05
 0.55000000E+02; 0.34487160E+05
 0.55500000E+02; 0.34435340E+05
 0.56000000E+02; 0.34645477E+05
 0.56500000E+02; 0.34564715E+05
 0.57000000E+02; 0.34548195E+05
 0.57500000E+02; 0.34666504E+05
 0.58000000E+02; 0.34948199E+05
 0.58500000E+02; 0.35077164E+05
 0.59000000E+02; 0.35375219E+05
 0.59500000E+02; 0.35731062E+05
 0.60000000E+02; 0.35882488E+05
 0.60500000E+02; 0.36320668E+05
 0.61000000E+02; 0.36824875E+05
 0.61500000E+02; 0.37221531E+05
 0.62000000E+02; 0.37756277E+05
 0.62500000E+02; 0.38239637E+05
 0.63000000E+02; 0.38971695E+05
 0.63500000E+02; 0.39595711E+05
 0.64000000E+02; 0.40182469E+05
 0.64500000E+02; 0.41225168E+05
 0.65000000E+02; 0.41607375E+05
 0.65500000E+02; 0.42363098E+05
 0.66000000E+02; 0.43505715E+05
 0.66500000E+02; 0.44285320E+05
 0.67000000E+02; 0.45340098E+05
 0.67500000E+02; 0.46152547E+05
 0.68000000E+02; 0.47332871E+05
 0.68500000E+02; 0.48204691E+05
 0.69000000E+02; 0.49485816E+05
 0.69500000E+02; 0.50743035E+05
 0.70000000E+02; 0.51696727E+05
 0.70500000E+02; 0.52637191E+05
 0.71000000E+02; 0.53660031E+05
 0.71500000E+02; 0.54442082E+05
 0.72000000E+02; 0.55087879E+05
 0.72500000E+02; 0.55595820E+05
 0.73000000E+02; 0.56090133E+05
 0.73500000E+02; 0.56291637E+05
 0.74000000E+02; 0.56600535E+05
 0.74500000E+02; 0.56790105E+05
 0.75000000E+02; 0.56908059E+05
 0.75500000E+02; 0.56917027E+05
 0.76000000E+02; 0.57048379E+05
 0.76500000E+02; 0.57249523E+05
 0.77000000E+02; 0.57173652E+05
 0.77500000E+02; 0.57116969E+05
 0.78000000E+02; 0.57210387E+05
 0.78500000E+02; 0.57227926E+05
 0.79000000E+02; 0.57106211E+05
 0.79500000E+02; 0.57350844E+05
 0.80000000E+02; 0.57333926E+05
 0.80500000E+02; 0.57584457E+05
 0.81000000E+02; 0.57459918E+05
 0.81500000E+02; 0.57350930E+05
 0.82000000E+02; 0.57325344E+05
 0.82500000E+02; 0.57622223E+05
 0.83000000E+02; 0.57414133E+05
 0.83500000E+02; 0.57550602E+05
 0.84000000E+02; 0.57878418E+05
 0.84500000E+02; 0.58030707E+05
 0.85000000E+02; 0.57862297E+05
 0.85500000E+02; 0.57997855E+05
 0.86000000E+02; 0.58184852E+05
 0.86500000E+02; 0.58507016E+05
 0.87000000E+02; 0.58735602E+05
 0.87500000E+02; 0.58901965E+05
 0.88000000E+02; 0.58990117E+05
 0.88500000E+02; 0.59334090E+05
 0.89000000E+02; 0.59501344E+05
 0.89500000E+02; 0.59764215E+05
 0.90000000E+02; 0.59736473E+05
 0.90500000E+02; 0.60068961E+05
 0.91000000E+02; 0.60251367E+05
 0.91500000E+02; 0.60234219E+05
 0.92000000E+02; 0.60470074E+05
 0.92500000E+02; 0.60451055E+05
 0.93000000E+02; 0.60050363E+05
 0.93500000E+02; 0.60309156E+05
 0.94000000E+02; 0.59882926E+05
 0.94500000E+02; 0.59328129E+05
 0.95000000E+02; 0.59269770E+05
 0.95500000E+02; 0.58857008E+05
 0.96000000E+02; 0.58320133E+05
 0.96500000E+02; 0.58005969E+05
 0.97000000E+02; 0.57325812E+05
 0.97500000E+02; 0.56937758E+05
 0.98000000E+02; 0.56454562E+05
 0.98500000E+02; 0.55895117E+05
 0.99000000E+02; 0.55369898E+05
 0.99500000E+02; 0.55050855E+05
 0.10000000E+03; 0.54220953E+05
 0.10050000E+03; 0.53843719E+05
 0.10100000E+03; 0.53440730E+05
 0.10150000E+03; 0.53004203E+05
 0.10200000E+03; 0.52567781E+05
 0.10250000E+03; 0.52158172E+05
 0.10300000E+03; 0.51590746E+05
 0.10350000E+03; 0.51434516E+05
 0.10400000E+03; 0.50908906E+05
 0.10450000E+03; 0.50689984E+05
 0.10500000E+03; 0.50328680E+05
 0.10550000E+03; 0.49774492E+05
 0.10600000E+03; 0.49463352E+05
 0.10650000E+03; 0.49015707E+05
 0.10700000E+03; 0.48708082E+05
 0.10750000E+03; 0.48357340E+05
 0.10800000E+03; 0.48030102E+05
 0.10850000E+03; 0.47824227E+05
 0.10900000E+03; 0.47469496E+05
 0.10950000E+03; 0.47195934E+05
 0.11000000E+03; 0.46889254E+05
 0.11050000E+03; 0.46487324E+05
 0.11100000E+03; 0.46293723E+05
 0.11150000E+03; 0.45958977E+05
 0.11200000E+03; 0.45712879E+05
 0.11250000E+03; 0.45469508E+05
 0.11300000E+03; 0.45239574E+05
 0.11350000E+03; 0.44843984E+05
 0.11400000E+03; 0.44664562E+05
 0.11450000E+03; 0.44312168E+05
 0.11500000E+03; 0.44077629E+05
 0.11550000E+03; 0.43682945E+05
 0.11600000E+03; 0.43609477E+05
 0.11650000E+03; 0.43305633E+05
 0.11700000E+03; 0.42999047E+05
 0.11750000E+03; 0.42817859E+05
 0.11800000E+03; 0.42642746E+05
 0.11850000E+03; 0.42387180E+05
 0.11900000E+03; 0.42087562E+05
 0.11950000E+03; 0.41809098E+05
 0.12000000E+03; 0.41648625E+05
 0.12050000E+03; 0.41399965E+05
 0.12100000E+03; 0.41153098E+05
 0.12150000E+03; 0.40872504E+05
 0.12200000E+03; 0.40562285E+05
 0.12250000E+03; 0.40347461E+05
 0.12300000E+03; 0.40264918E+05
 0.12350000E+03; 0.40184520E+05
 0.12400000E+03; 0.39870125E+05
 0.12450000E+03; 0.39747812E+05
 0.12500000E+03; 0.39809879E+05
 0.12550000E+03; 0.39403594E+05
 0.12600000E+03; 0.39399691E+05
 0.12650000E+03; 0.39424699E+05
 0.12700000E+03; 0.39139414E+05
 0.12750000E+03; 0.39364664E+05
 0.12800000E+03; 0.39311555E+05
 0.12850000E+03; 0.39338297E+05
 0.12900000E+03; 0.39214891E+05
 0.12950000E+03; 0.39470184E+05
 0.13000000E+03; 0.39655586E+05
 0.13050000E+03; 0.40122820E+05
 0.13100000E+03; 0.40563535E+05
 0.13150000E+03; 0.41140316E+05
 0.13200000E+03; 0.41866152E+05
 0.13250000E+03; 0.42301699E+05
 0.13300000E+03; 0.43355730E+05
 0.13350000E+03; 0.44340953E+05
 0.13400000E+03; 0.45332488E+05
 0.13450000E+03; 0.46697145E+05
 0.13500000E+03; 0.47944297E+05
 0.13550000E+03; 0.49339875E+05
 0.13600000E+03; 0.50521734E+05
 0.13650000E+03; 0.51530422E+05
 0.13700000E+03; 0.52555879E+05
 0.13750000E+03; 0.53174188E+05
 0.13800000E+03; 0.53555785E+05
 0.13850000E+03; 0.53470734E+05
 0.13900000E+03; 0.53139895E+05
 0.13950000E+03; 0.52256922E+05
 0.14000000E+03; 0.50809520E+05
 0.14050000E+03; 0.48864355E+05
 0.14100000E+03; 0.46461832E+05
 0.14150000E+03; 0.43634055E+05
 0.14200000E+03; 0.40635184E+05
 0.14250000E+03; 0.37401082E+05
 0.14300000E+03; 0.33729770E+05
 0.14350000E+03; 0.30252330E+05
 0.14400000E+03; 0.26653064E+05
 0.14450000E+03; 0.23010973E+05
 0.14500000E+03; 0.19751074E+05
 0.14550000E+03; 0.16786119E+05
 0.14600000E+03; 0.13905446E+05
 0.14650000E+03; 0.11455790E+05
 0.14700000E+03; 0.91987617E+04
 0.14750000E+03; 0.73523877E+04
 0.14800000E+03; 0.57280132E+04
 0.14850000E+03; 0.44745376E+04
 0.14900000E+03; 0.33776899E+04
 0.14950000E+03; 0.25630327E+04
 0.15000000E+03; 0.18379999E+04
 0.15050000E+03; 0.13868643E+04
 0.15100000E+03; 0.97160541E+03
 0.15150000E+03; 0.68318335E+03
 0.15200000E+03; 0.49738406E+03
 0.15250000E+03; 0.32316858E+03
 0.15300000E+03; 0.21697380E+03
 0.15350000E+03; 0.15454193E+03
 0.15400000E+03; 0.89300102E+02
 0.15450000E+03; 0.67411560E+02
 0.15500000E+03; 0.44551620E+02
 0.15550000E+03; 0.24529606E+02
 0.15600000E+03; 0.15761147E+02
 0.15650000E+03; 0.81445303E+01
 0.15700000E+03; 0.51311507E+01
 0.15750000E+03; 0.38437157E+01
 0.15800000E+03; 0.38745410E+01
 0.15850000E+03; 0.12611085E+01
 0.15900000E+03; 0.13641067E+01
 0.15950000E+03; 0.77581549E+00
 0.16000000E+03; 0.00000000E+00
 0.16050000E+03; 0.00000000E+00
 0.16100000E+03; 0.00000000E+00
 0.16150000E+03; 0.81926107E-01
 0.16200000E+03; 0.00000000E+00
 0.16250000E+03; 0.00000000E+00
 0.16300000E+03; 0.00000000E+00
 0.16350000E+03; 0.00000000E+00
 0.16400000E+03; 0.00000000E+00
 0.16450000E+03; 0.00000000E+00
 0.16500000E+03; 0.00000000E+00
 0.16550000E+03; 0.00000000E+00
 0.16600000E+03; 0.00000000E+00
 0.16650000E+03; 0.00000000E+00
 0.16700000E+03; 0.00000000E+00
 0.16750000E+03; 0.00000000E+00
 0.16800000E+03; 0.00000000E+00
 0.16850000E+03; 0.00000000E+00
 0.16900000E+03; 0.00000000E+00
 0.16950000E+03; 0.00000000E+00
 0.17000000E+03; 0.00000000E+00
 0.17050000E+03; 0.00000000E+00
 0.17100000E+03; 0.00000000E+00
 0.17150000E+03; 0.00000000E+00
 0.17200000E+03; 0.00000000E+00
 0.17250000E+03; 0.00000000E+00
 0.17300000E+03; 0.00000000E+00
 0.17350000E+03; 0.00000000E+00
 0.17400000E+03; 0.00000000E+00
 0.17450000E+03; 0.00000000E+00
 0.17500000E+03; 0.00000000E+00
 0.17550000E+03; 0.00000000E+00
 0.17600000E+03; 0.00000000E+00
 0.17650000E+03; 0.00000000E+00
 0.17700000E+03; 0.00000000E+00
 0.17750000E+03; 0.00000000E+00
 0.17800000E+03; 0.00000000E+00
 0.17850000E+03; 0.00000000E+00
 0.17900000E+03; 0.00000000E+00
 0.17950000E+03; 0.00000000E+00
 0.18000000E+03; 0.00000000E+00
 0.18050000E+03; 0.00000000E+00
 0.18100000E+03; 0.00000000E+00
 0.18150000E+03; 0.00000000E+00
 0.18200000E+03; 0.00000000E+00
 0.18250000E+03; 0.00000000E+00
 0.18300000E+03; 0.00000000E+00
 0.18350000E+03; 0.00000000E+00
 0.18400000E+03; 0.00000000E+00
 0.18450000E+03; 0.00000000E+00
 0.18500000E+03; 0.00000000E+00
 0.18550000E+03; 0.00000000E+00
 0.18600000E+03; 0.00000000E+00
 0.18650000E+03; 0.00000000E+00
 0.18700000E+03; 0.00000000E+00
 0.18750000E+03; 0.00000000E+00
 0.18800000E+03; 0.00000000E+00
 0.18850000E+03; 0.00000000E+00
 0.18900000E+03; 0.00000000E+00
 0.18950000E+03; 0.00000000E+00
 0.19000000E+03; 0.00000000E+00
 0.19050000E+03; 0.00000000E+00
 0.19100000E+03; 0.00000000E+00
 0.19150000E+03; 0.00000000E+00
 0.19200000E+03; 0.00000000E+00
 0.19250000E+03; 0.00000000E+00
 0.19300000E+03; 0.00000000E+00
 0.19350000E+03; 0.00000000E+00
 0.19400000E+03; 0.00000000E+00
 0.19450000E+03; 0.00000000E+00
 0.19500000E+03; 0.00000000E+00
 0.19550000E+03; 0.00000000E+00
 0.19600000E+03; 0.00000000E+00
 0.19650000E+03; 0.00000000E+00
 0.19700000E+03; 0.00000000E+00
 0.19750000E+03; 0.00000000E+00
 0.19800000E+03; 0.00000000E+00
 0.19850000E+03; 0.00000000E+00
 0.19900000E+03; 0.00000000E+00
 0.19950000E+03; 0.00000000E+00
 0.20000000E+03; 0.00000000E+00
 0.20050000E+03; 0.00000000E+00
 0.20100000E+03; 0.00000000E+00
 0.20150000E+03; 0.00000000E+00
 0.20200000E+03; 0.00000000E+00
 0.20250000E+03; 0.00000000E+00
 0.20300000E+03; 0.00000000E+00
 0.20350000E+03; 0.00000000E+00
 0.20400000E+03; 0.00000000E+00
 0.20450000E+03; 0.00000000E+00
 0.20500000E+03; 0.00000000E+00
 0.20550000E+03; 0.00000000E+00
 0.20600000E+03; 0.00000000E+00
 0.20650000E+03; 0.00000000E+00
 0.20700000E+03; 0.00000000E+00
 0.20750000E+03; 0.00000000E+00
 0.20800000E+03; 0.00000000E+00
 0.20850000E+03; 0.00000000E+00
 0.20900000E+03; 0.00000000E+00
 0.20950000E+03; 0.00000000E+00
 0.21000000E+03; 0.00000000E+00
 0.21050000E+03; 0.00000000E+00
 0.21100000E+03; 0.00000000E+00
 0.21150000E+03; 0.00000000E+00
 0.21200000E+03; 0.00000000E+00
 0.21250000E+03; 0.00000000E+00
 0.21300000E+03; 0.00000000E+00
 0.21350000E+03; 0.00000000E+00
 0.21400000E+03; 0.00000000E+00
 0.21450000E+03; 0.00000000E+00
 0.21500000E+03; 0.00000000E+00
 0.21550000E+03; 0.00000000E+00
 0.21600000E+03; 0.00000000E+00
 0.21650000E+03; 0.00000000E+00
 0.21700000E+03; 0.00000000E+00
 0.21750000E+03; 0.00000000E+00
 0.21800000E+03; 0.00000000E+00
 0.21850000E+03; 0.00000000E+00
 0.21900000E+03; 0.00000000E+00
 0.21950000E+03; 0.00000000E+00
 0.22000000E+03; 0.00000000E+00
 0.22050000E+03; 0.00000000E+00
 0.22100000E+03; 0.00000000E+00
 0.22150000E+03; 0.00000000E+00
 0.22200000E+03; 0.00000000E+00
 0.22250000E+03; 0.00000000E+00
 0.22300000E+03; 0.00000000E+00
 0.22350000E+03; 0.00000000E+00
 0.22400000E+03; 0.00000000E+00
 0.22450000E+03; 0.00000000E+00
 0.22500000E+03; 0.00000000E+00
 0.22550000E+03; 0.00000000E+00
 0.22600000E+03; 0.00000000E+00
 0.22650000E+03; 0.00000000E+00
 0.22700000E+03; 0.00000000E+00
 0.22750000E+03; 0.00000000E+00
 0.22800000E+03; 0.00000000E+00
 0.22850000E+03; 0.00000000E+00
 0.22900000E+03; 0.00000000E+00
 0.22950000E+03; 0.00000000E+00
 0.23000000E+03; 0.00000000E+00
 0.23050000E+03; 0.00000000E+00
 0.23100000E+03; 0.00000000E+00
 0.23150000E+03; 0.00000000E+00
 0.23200000E+03; 0.00000000E+00
 0.23250000E+03; 0.00000000E+00
 0.23300000E+03; 0.00000000E+00
 0.23350000E+03; 0.00000000E+00
 0.23400000E+03; 0.00000000E+00
 0.23450000E+03; 0.00000000E+00
 0.23500000E+03; 0.00000000E+00
 0.23550000E+03; 0.00000000E+00
 0.23600000E+03; 0.00000000E+00
 0.23650000E+03; 0.00000000E+00
 0.23700000E+03; 0.00000000E+00
 0.23750000E+03; 0.00000000E+00
 0.23800000E+03; 0.00000000E+00
 0.23850000E+03; 0.00000000E+00
 0.23900000E+03; 0.00000000E+00
 0.23950000E+03; 0.00000000E+00
 0.24000000E+03; 0.00000000E+00
 0.24050000E+03; 0.00000000E+00
 0.24100000E+03; 0.00000000E+00
 0.24150000E+03; 0.00000000E+00
 0.24200000E+03; 0.00000000E+00
 0.24250000E+03; 0.00000000E+00
 0.24300000E+03; 0.00000000E+00
 0.24350000E+03; 0.00000000E+00
 0.24400000E+03; 0.00000000E+00
 0.24450000E+03; 0.00000000E+00
 0.24500000E+03; 0.00000000E+00
 0.24550000E+03; 0.00000000E+00
 0.24600000E+03; 0.00000000E+00
 0.24650000E+03; 0.00000000E+00
 0.24700000E+03; 0.00000000E+00
 0.24750000E+03; 0.00000000E+00
 0.24800000E+03; 0.00000000E+00
 0.24850000E+03; 0.00000000E+00
 0.24900000E+03; 0.00000000E+00
 0.24950000E+03; 0.00000000E+00
 0.25000000E+03; 0.00000000E+00
 0.25050000E+03; 0.00000000E+00
 0.25100000E+03; 0.00000000E+00
 0.25150000E+03; 0.00000000E+00
 0.25200000E+03; 0.00000000E+00
 0.25250000E+03; 0.00000000E+00
 0.25300000E+03; 0.00000000E+00
 0.25350000E+03; 0.00000000E+00
 0.25400000E+03; 0.00000000E+00
 0.25450000E+03; 0.00000000E+00
 0.25500000E+03; 0.00000000E+00
 0.25550000E+03; 0.00000000E+00
 0.25600000E+03; 0.00000000E+00
