 0.50000000E+00; 0.13666549E+04
 0.10000000E+01; 0.15912396E+04
 0.15000000E+01; 0.16960736E+04
 0.20000000E+01; 0.16780264E+04
 0.25000000E+01; 0.16591682E+04
 0.30000000E+01; 0.15474286E+04
 0.35000000E+01; 0.14812660E+04
 0.40000000E+01; 0.13313990E+04
 0.45000000E+01; 0.12700857E+04
 0.50000000E+01; 0.11885502E+04
 0.55000000E+01; 0.11550723E+04
 0.60000000E+01; 0.10630151E+04
 0.65000000E+01; 0.10540446E+04
 0.70000000E+01; 0.10410997E+04
 0.75000000E+01; 0.98793927E+03
 0.80000000E+01; 0.97964807E+03
 0.85000000E+01; 0.96138708E+03
 0.90000000E+01; 0.95443347E+03
 0.95000000E+01; 0.95197546E+03
 0.10000000E+02; 0.94776904E+03
 0.10500000E+02; 0.94237585E+03
 0.11000000E+02; 0.97924689E+03
 0.11500000E+02; 0.10656359E+04
 0.12000000E+02; 0.10699133E+04
 0.12500000E+02; 0.11039147E+04
 0.13000000E+02; 0.11549393E+04
 0.13500000E+02; 0.11845111E+04
 0.14000000E+02; 0.12574885E+04
 0.14500000E+02; 0.13154897E+04
 0.15000000E+02; 0.13305831E+04
 0.15500000E+02; 0.13376488E+04
 0.16000000E+02; 0.13874697E+04
 0.16500000E+02; 0.13767137E+04
 0.17000000E+02; 0.13590308E+04
 0.17500000E+02; 0.14312444E+04
 0.18000000E+02; 0.15522168E+04
 0.18500000E+02; 0.17024287E+04
 0.19000000E+02; 0.19171257E+04
 0.19500000E+02; 0.22935771E+04
 0.20000000E+02; 0.27391272E+04
 0.20500000E+02; 0.32773806E+04
 0.21000000E+02; 0.38766443E+04
 0.21500000E+02; 0.46253638E+04
 0.22000000E+02; 0.55081519E+04
 0.22500000E+02; 0.64215728E+04
 0.23000000E+02; 0.73651284E+04
 0.23500000E+02; 0.83436934E+04
 0.24000000E+02; 0.93269258E+04
 0.24500000E+02; 0.10295979E+05
 0.25000000E+02; 0.11325465E+05
 0.25500000E+02; 0.12199531E+05
 0.26000000E+02; 0.13091384E+05
 0.26500000E+02; 0.13992689E+05
 0.27000000E+02; 0.14909617E+05
 0.27500000E+02; 0.15857689E+05
 0.28000000E+02; 0.16693793E+05
 0.28500000E+02; 0.17591842E+05
 0.29000000E+02; 0.18538375E+05
 0.29500000E+02; 0.19404564E+05
 0.30000000E+02; 0.20262012E+05
 0.30500000E+02; 0.21070861E+05
 0.31000000E+02; 0.21815236E+05
 0.31500000E+02; 0.22535525E+05
 0.32000000E+02; 0.23300256E+05
 0.32500000E+02; 0.23926746E+05
 0.33000000E+02; 0.24417068E+05
 0.33500000E+02; 0.24932426E+05
 0.34000000E+02; 0.25473127E+05
 0.34500000E+02; 0.25894445E+05
 0.35000000E+02; 0.26158266E+05
 0.35500000E+02; 0.26795215E+05
 0.36000000E+02; 0.26982229E+05
 0.36500000E+02; 0.27294555E+05
 0.37000000E+02; 0.27953645E+05
 0.37500000E+02; 0.28345049E+05
 0.38000000E+02; 0.28756975E+05
 0.38500000E+02; 0.29202191E+05
 0.39000000E+02; 0.29622971E+05
 0.39500000E+02; 0.30207793E+05
 0.40000000E+02; 0.30733473E+05
 0.40500000E+02; 0.31353221E+05
 0.41000000E+02; 0.32170789E+05
 0.41500000E+02; 0.32850383E+05
 0.42000000E+02; 0.33559598E+05
 0.42500000E+02; 0.34358844E+05
 0.43000000E+02; 0.35182961E+05
 0.43500000E+02; 0.35991996E+05
 0.44000000E+02; 0.36912426E+05
 0.44500000E+02; 0.37405754E+05
 0.45000000E+02; 0.38375027E+05
 0.45500000E+02; 0.38974871E+05
 0.46000000E+02; 0.39372383E+05
 0.46500000E+02; 0.40123238E+05
 0.47000000E+02; 0.40039426E+05
 0.47500000E+02; 0.40348367E+05
 0.48000000E+02; 0.40279820E+05
 0.48500000E+02; 0.40304910E+05
 0.49000000E+02; 0.39916109E+05
 0.49500000E+02; 0.39566152E+05
 0.50000000E+02; 0.39071109E+05
 0.50500000E+02; 0.38568848E+05
 0.51000000E+02; 0.37879230E+05
 0.51500000E+02; 0.36963070E+05
 0.52000000E+02; 0.36394867E+05
 0.52500000E+02; 0.35541730E+05
 0.53000000E+02; 0.35073008E+05
 0.53500000E+02; 0.34634480E+05
 0.54000000E+02; 0.34382707E+05
 0.54500000E+02; 0.34252383E+05
 0.55000000E+02; 0.34575824E+05
 0.55500000E+02; 0.34410645E+05
 0.56000000E+02; 0.34487852E+05
 0.56500000E+02; 0.34512484E+05
 0.57000000E+02; 0.34577562E+05
 0.57500000E+02; 0.34761309E+05
 0.58000000E+02; 0.34841988E+05
 0.58500000E+02; 0.35113254E+05
 0.59000000E+02; 0.35573602E+05
 0.59500000E+02; 0.35689902E+05
 0.60000000E+02; 0.36233500E+05
 0.60500000E+02; 0.36455879E+05
 0.61000000E+02; 0.36681379E+05
 0.61500000E+02; 0.37302480E+05
 0.62000000E+02; 0.37842684E+05
 0.62500000E+02; 0.38403617E+05
 0.63000000E+02; 0.39208219E+05
 0.63500000E+02; 0.39621379E+05
 0.64000000E+02; 0.40482887E+05
 0.64500000E+02; 0.41215656E+05
 0.65000000E+02; 0.41891500E+05
 0.65500000E+02; 0.42692137E+05
 0.66000000E+02; 0.43635535E+05
 0.66500000E+02; 0.44484281E+05
 0.67000000E+02; 0.45353977E+05
 0.67500000E+02; 0.46379582E+05
 0.68000000E+02; 0.47456219E+05
 0.68500000E+02; 0.48692867E+05
 0.69000000E+02; 0.49511980E+05
 0.69500000E+02; 0.50647902E+05
 0.70000000E+02; 0.51711113E+05
 0.70500000E+02; 0.52684070E+05
 0.71000000E+02; 0.53625562E+05
 0.71500000E+02; 0.54294453E+05
 0.72000000E+02; 0.55047434E+05
 0.72500000E+02; 0.55416914E+05
 0.73000000E+02; 0.55852082E+05
 0.73500000E+02; 0.56153320E+05
 0.74000000E+02; 0.56273895E+05
 0.74500000E+02; 0.56665043E+05
 0.75000000E+02; 0.56872867E+05
 0.75500000E+02; 0.56739098E+05
 0.76000000E+02; 0.56794266E+05
 0.76500000E+02; 0.56883426E+05
 0.77000000E+02; 0.56955035E+05
 0.77500000E+02; 0.57057281E+05
 0.78000000E+02; 0.57013203E+05
 0.78500000E+02; 0.57069664E+05
 0.79000000E+02; 0.57189840E+05
 0.79500000E+02; 0.57078863E+05
 0.80000000E+02; 0.57228504E+05
 0.80500000E+02; 0.57133238E+05
 0.81000000E+02; 0.57314523E+05
 0.81500000E+02; 0.57298633E+05
 0.82000000E+02; 0.57570000E+05
 0.82500000E+02; 0.57467773E+05
 0.83000000E+02; 0.57273660E+05
 0.83500000E+02; 0.57449922E+05
 0.84000000E+02; 0.57659953E+05
 0.84500000E+02; 0.57817363E+05
 0.85000000E+02; 0.57732074E+05
 0.85500000E+02; 0.57924777E+05
 0.86000000E+02; 0.58278328E+05
 0.86500000E+02; 0.58037535E+05
 0.87000000E+02; 0.58540648E+05
 0.87500000E+02; 0.58678285E+05
 0.88000000E+02; 0.58832547E+05
 0.88500000E+02; 0.59132738E+05
 0.89000000E+02; 0.59211797E+05
 0.89500000E+02; 0.59428762E+05
 0.90000000E+02; 0.59444387E+05
 0.90500000E+02; 0.59549102E+05
 0.91000000E+02; 0.59914816E+05
 0.91500000E+02; 0.59927934E+05
 0.92000000E+02; 0.59952176E+05
 0.92500000E+02; 0.59793867E+05
 0.93000000E+02; 0.59815949E+05
 0.93500000E+02; 0.59619941E+05
 0.94000000E+02; 0.59263328E+05
 0.94500000E+02; 0.59225512E+05
 0.95000000E+02; 0.58614977E+05
 0.95500000E+02; 0.58388371E+05
 0.96000000E+02; 0.57939320E+05
 0.96500000E+02; 0.57231203E+05
 0.97000000E+02; 0.57045164E+05
 0.97500000E+02; 0.56585816E+05
 0.98000000E+02; 0.55830547E+05
 0.98500000E+02; 0.55326949E+05
 0.99000000E+02; 0.54940949E+05
 0.99500000E+02; 0.54407910E+05
 0.10000000E+03; 0.54141902E+05
 0.10050000E+03; 0.53424090E+05
 0.10100000E+03; 0.53156953E+05
 0.10150000E+03; 0.52432000E+05
 0.10200000E+03; 0.51889887E+05
 0.10250000E+03; 0.51630273E+05
 0.10300000E+03; 0.51252914E+05
 0.10350000E+03; 0.50623934E+05
 0.10400000E+03; 0.50329375E+05
 0.10450000E+03; 0.50007227E+05
 0.10500000E+03; 0.49377445E+05
 0.10550000E+03; 0.49150910E+05
 0.10600000E+03; 0.48884957E+05
 0.10650000E+03; 0.48415250E+05
 0.10700000E+03; 0.48102699E+05
 0.10750000E+03; 0.47657660E+05
 0.10800000E+03; 0.47458473E+05
 0.10850000E+03; 0.47099074E+05
 0.10900000E+03; 0.46802234E+05
 0.10950000E+03; 0.46500934E+05
 0.11000000E+03; 0.46083824E+05
 0.11050000E+03; 0.45669176E+05
 0.11100000E+03; 0.45303910E+05
 0.11150000E+03; 0.45282535E+05
 0.11200000E+03; 0.44965363E+05
 0.11250000E+03; 0.44738797E+05
 0.11300000E+03; 0.44436258E+05
 0.11350000E+03; 0.44126434E+05
 0.11400000E+03; 0.43766809E+05
 0.11450000E+03; 0.43737594E+05
 0.11500000E+03; 0.43216695E+05
 0.11550000E+03; 0.42935113E+05
 0.11600000E+03; 0.42919770E+05
 0.11650000E+03; 0.42480172E+05
 0.11700000E+03; 0.42033852E+05
 0.11750000E+03; 0.42008367E+05
 0.11800000E+03; 0.41732676E+05
 0.11850000E+03; 0.41325863E+05
 0.11900000E+03; 0.41037691E+05
 0.11950000E+03; 0.41004367E+05
 0.12000000E+03; 0.40602672E+05
 0.12050000E+03; 0.40379383E+05
 0.12100000E+03; 0.40135082E+05
 0.12150000E+03; 0.39945730E+05
 0.12200000E+03; 0.39675625E+05
 0.12250000E+03; 0.39552223E+05
 0.12300000E+03; 0.39517793E+05
 0.12350000E+03; 0.39289832E+05
 0.12400000E+03; 0.39052652E+05
 0.12450000E+03; 0.38686109E+05
 0.12500000E+03; 0.38816793E+05
 0.12550000E+03; 0.38511301E+05
 0.12600000E+03; 0.38314344E+05
 0.12650000E+03; 0.38329117E+05
 0.12700000E+03; 0.38124848E+05
 0.12750000E+03; 0.38198719E+05
 0.12800000E+03; 0.38114828E+05
 0.12850000E+03; 0.38148719E+05
 0.12900000E+03; 0.38058180E+05
 0.12950000E+03; 0.38319738E+05
 0.13000000E+03; 0.38771207E+05
 0.13050000E+03; 0.38853949E+05
 0.13100000E+03; 0.39300559E+05
 0.13150000E+03; 0.39747242E+05
 0.13200000E+03; 0.40176023E+05
 0.13250000E+03; 0.41075246E+05
 0.13300000E+03; 0.41908309E+05
 0.13350000E+03; 0.42952426E+05
 0.13400000E+03; 0.43640797E+05
 0.13450000E+03; 0.45097312E+05
 0.13500000E+03; 0.46176707E+05
 0.13550000E+03; 0.47267426E+05
 0.13600000E+03; 0.48533273E+05
 0.13650000E+03; 0.49570984E+05
 0.13700000E+03; 0.50591801E+05
 0.13750000E+03; 0.50974422E+05
 0.13800000E+03; 0.51233766E+05
 0.13850000E+03; 0.51360406E+05
 0.13900000E+03; 0.50727035E+05
 0.13950000E+03; 0.49822332E+05
 0.14000000E+03; 0.48580465E+05
 0.14050000E+03; 0.46706625E+05
 0.14100000E+03; 0.44460258E+05
 0.14150000E+03; 0.41969215E+05
 0.14200000E+03; 0.38751445E+05
 0.14250000E+03; 0.35640512E+05
 0.14300000E+03; 0.32233377E+05
 0.14350000E+03; 0.28832299E+05
 0.14400000E+03; 0.25391545E+05
 0.14450000E+03; 0.22044652E+05
 0.14500000E+03; 0.18896740E+05
 0.14550000E+03; 0.15923027E+05
 0.14600000E+03; 0.13315563E+05
 0.14650000E+03; 0.10826438E+05
 0.14700000E+03; 0.88277852E+04
 0.14750000E+03; 0.70029927E+04
 0.14800000E+03; 0.54596987E+04
 0.14850000E+03; 0.42334067E+04
 0.14900000E+03; 0.32313452E+04
 0.14950000E+03; 0.24333071E+04
 0.15000000E+03; 0.18149836E+04
 0.15050000E+03; 0.12874093E+04
 0.15100000E+03; 0.92151135E+03
 0.15150000E+03; 0.66624872E+03
 0.15200000E+03; 0.46248904E+03
 0.15250000E+03; 0.31698538E+03
 0.15300000E+03; 0.21241992E+03
 0.15350000E+03; 0.15069930E+03
 0.15400000E+03; 0.95750443E+02
 0.15450000E+03; 0.60745308E+02
 0.15500000E+03; 0.36424736E+02
 0.15550000E+03; 0.23124126E+02
 0.15600000E+03; 0.16748230E+02
 0.15650000E+03; 0.90484791E+01
 0.15700000E+03; 0.53348379E+01
 0.15750000E+03; 0.41471810E+01
 0.15800000E+03; 0.19856755E+01
 0.15850000E+03; 0.16289973E+01
 0.15900000E+03; 0.10311821E+01
 0.15950000E+03; 0.53828055E+00
 0.16000000E+03; 0.12357092E+00
 0.16050000E+03; 0.35485182E-01
 0.16100000E+03; 0.12521522E+00
 0.16150000E+03; 0.10788379E-01
 0.16200000E+03; 0.00000000E+00
 0.16250000E+03; 0.00000000E+00
 0.16300000E+03; 0.00000000E+00
 0.16350000E+03; 0.00000000E+00
 0.16400000E+03; 0.00000000E+00
 0.16450000E+03; 0.00000000E+00
 0.16500000E+03; 0.00000000E+00
 0.16550000E+03; 0.00000000E+00
 0.16600000E+03; 0.00000000E+00
 0.16650000E+03; 0.00000000E+00
 0.16700000E+03; 0.00000000E+00
 0.16750000E+03; 0.00000000E+00
 0.16800000E+03; 0.00000000E+00
 0.16850000E+03; 0.00000000E+00
 0.16900000E+03; 0.00000000E+00
 0.16950000E+03; 0.00000000E+00
 0.17000000E+03; 0.00000000E+00
 0.17050000E+03; 0.00000000E+00
 0.17100000E+03; 0.00000000E+00
 0.17150000E+03; 0.00000000E+00
 0.17200000E+03; 0.00000000E+00
 0.17250000E+03; 0.00000000E+00
 0.17300000E+03; 0.00000000E+00
 0.17350000E+03; 0.00000000E+00
 0.17400000E+03; 0.00000000E+00
 0.17450000E+03; 0.00000000E+00
 0.17500000E+03; 0.00000000E+00
 0.17550000E+03; 0.00000000E+00
 0.17600000E+03; 0.00000000E+00
 0.17650000E+03; 0.00000000E+00
 0.17700000E+03; 0.00000000E+00
 0.17750000E+03; 0.00000000E+00
 0.17800000E+03; 0.00000000E+00
 0.17850000E+03; 0.00000000E+00
 0.17900000E+03; 0.00000000E+00
 0.17950000E+03; 0.00000000E+00
 0.18000000E+03; 0.00000000E+00
 0.18050000E+03; 0.00000000E+00
 0.18100000E+03; 0.00000000E+00
 0.18150000E+03; 0.00000000E+00
 0.18200000E+03; 0.00000000E+00
 0.18250000E+03; 0.00000000E+00
 0.18300000E+03; 0.00000000E+00
 0.18350000E+03; 0.00000000E+00
 0.18400000E+03; 0.00000000E+00
 0.18450000E+03; 0.00000000E+00
 0.18500000E+03; 0.00000000E+00
 0.18550000E+03; 0.00000000E+00
 0.18600000E+03; 0.00000000E+00
 0.18650000E+03; 0.00000000E+00
 0.18700000E+03; 0.00000000E+00
 0.18750000E+03; 0.00000000E+00
 0.18800000E+03; 0.00000000E+00
 0.18850000E+03; 0.00000000E+00
 0.18900000E+03; 0.00000000E+00
 0.18950000E+03; 0.00000000E+00
 0.19000000E+03; 0.00000000E+00
 0.19050000E+03; 0.00000000E+00
 0.19100000E+03; 0.00000000E+00
 0.19150000E+03; 0.00000000E+00
 0.19200000E+03; 0.00000000E+00
 0.19250000E+03; 0.00000000E+00
 0.19300000E+03; 0.00000000E+00
 0.19350000E+03; 0.00000000E+00
 0.19400000E+03; 0.00000000E+00
 0.19450000E+03; 0.00000000E+00
 0.19500000E+03; 0.00000000E+00
 0.19550000E+03; 0.00000000E+00
 0.19600000E+03; 0.00000000E+00
 0.19650000E+03; 0.00000000E+00
 0.19700000E+03; 0.00000000E+00
 0.19750000E+03; 0.00000000E+00
 0.19800000E+03; 0.00000000E+00
 0.19850000E+03; 0.00000000E+00
 0.19900000E+03; 0.00000000E+00
 0.19950000E+03; 0.00000000E+00
 0.20000000E+03; 0.00000000E+00
 0.20050000E+03; 0.00000000E+00
 0.20100000E+03; 0.00000000E+00
 0.20150000E+03; 0.00000000E+00
 0.20200000E+03; 0.00000000E+00
 0.20250000E+03; 0.00000000E+00
 0.20300000E+03; 0.00000000E+00
 0.20350000E+03; 0.00000000E+00
 0.20400000E+03; 0.00000000E+00
 0.20450000E+03; 0.00000000E+00
 0.20500000E+03; 0.00000000E+00
 0.20550000E+03; 0.00000000E+00
 0.20600000E+03; 0.00000000E+00
 0.20650000E+03; 0.00000000E+00
 0.20700000E+03; 0.00000000E+00
 0.20750000E+03; 0.00000000E+00
 0.20800000E+03; 0.00000000E+00
 0.20850000E+03; 0.00000000E+00
 0.20900000E+03; 0.00000000E+00
 0.20950000E+03; 0.00000000E+00
 0.21000000E+03; 0.00000000E+00
 0.21050000E+03; 0.00000000E+00
 0.21100000E+03; 0.00000000E+00
 0.21150000E+03; 0.00000000E+00
 0.21200000E+03; 0.00000000E+00
 0.21250000E+03; 0.00000000E+00
 0.21300000E+03; 0.00000000E+00
 0.21350000E+03; 0.00000000E+00
 0.21400000E+03; 0.00000000E+00
 0.21450000E+03; 0.00000000E+00
 0.21500000E+03; 0.00000000E+00
 0.21550000E+03; 0.00000000E+00
 0.21600000E+03; 0.00000000E+00
 0.21650000E+03; 0.00000000E+00
 0.21700000E+03; 0.00000000E+00
 0.21750000E+03; 0.00000000E+00
 0.21800000E+03; 0.00000000E+00
 0.21850000E+03; 0.00000000E+00
 0.21900000E+03; 0.00000000E+00
 0.21950000E+03; 0.00000000E+00
 0.22000000E+03; 0.00000000E+00
 0.22050000E+03; 0.00000000E+00
 0.22100000E+03; 0.00000000E+00
 0.22150000E+03; 0.00000000E+00
 0.22200000E+03; 0.00000000E+00
 0.22250000E+03; 0.00000000E+00
 0.22300000E+03; 0.00000000E+00
 0.22350000E+03; 0.00000000E+00
 0.22400000E+03; 0.00000000E+00
 0.22450000E+03; 0.00000000E+00
 0.22500000E+03; 0.00000000E+00
 0.22550000E+03; 0.00000000E+00
 0.22600000E+03; 0.00000000E+00
 0.22650000E+03; 0.00000000E+00
 0.22700000E+03; 0.00000000E+00
 0.22750000E+03; 0.00000000E+00
 0.22800000E+03; 0.00000000E+00
 0.22850000E+03; 0.00000000E+00
 0.22900000E+03; 0.00000000E+00
 0.22950000E+03; 0.00000000E+00
 0.23000000E+03; 0.00000000E+00
 0.23050000E+03; 0.00000000E+00
 0.23100000E+03; 0.00000000E+00
 0.23150000E+03; 0.00000000E+00
 0.23200000E+03; 0.00000000E+00
 0.23250000E+03; 0.00000000E+00
 0.23300000E+03; 0.00000000E+00
 0.23350000E+03; 0.00000000E+00
 0.23400000E+03; 0.00000000E+00
 0.23450000E+03; 0.00000000E+00
 0.23500000E+03; 0.00000000E+00
 0.23550000E+03; 0.00000000E+00
 0.23600000E+03; 0.00000000E+00
 0.23650000E+03; 0.00000000E+00
 0.23700000E+03; 0.00000000E+00
 0.23750000E+03; 0.00000000E+00
 0.23800000E+03; 0.00000000E+00
 0.23850000E+03; 0.00000000E+00
 0.23900000E+03; 0.00000000E+00
 0.23950000E+03; 0.00000000E+00
 0.24000000E+03; 0.00000000E+00
 0.24050000E+03; 0.00000000E+00
 0.24100000E+03; 0.00000000E+00
 0.24150000E+03; 0.00000000E+00
 0.24200000E+03; 0.00000000E+00
 0.24250000E+03; 0.00000000E+00
 0.24300000E+03; 0.00000000E+00
 0.24350000E+03; 0.00000000E+00
 0.24400000E+03; 0.00000000E+00
 0.24450000E+03; 0.00000000E+00
 0.24500000E+03; 0.00000000E+00
 0.24550000E+03; 0.00000000E+00
 0.24600000E+03; 0.00000000E+00
 0.24650000E+03; 0.00000000E+00
 0.24700000E+03; 0.00000000E+00
 0.24750000E+03; 0.00000000E+00
 0.24800000E+03; 0.00000000E+00
 0.24850000E+03; 0.00000000E+00
 0.24900000E+03; 0.00000000E+00
 0.24950000E+03; 0.00000000E+00
 0.25000000E+03; 0.00000000E+00
 0.25050000E+03; 0.00000000E+00
 0.25100000E+03; 0.00000000E+00
 0.25150000E+03; 0.00000000E+00
 0.25200000E+03; 0.00000000E+00
 0.25250000E+03; 0.00000000E+00
 0.25300000E+03; 0.00000000E+00
 0.25350000E+03; 0.00000000E+00
 0.25400000E+03; 0.00000000E+00
 0.25450000E+03; 0.00000000E+00
 0.25500000E+03; 0.00000000E+00
 0.25550000E+03; 0.00000000E+00
 0.25600000E+03; 0.00000000E+00
