 0.50000000E+00; 0.15005369E+04
 0.10000000E+01; 0.17257959E+04
 0.15000000E+01; 0.18209026E+04
 0.20000000E+01; 0.18394094E+04
 0.25000000E+01; 0.18066903E+04
 0.30000000E+01; 0.17222174E+04
 0.35000000E+01; 0.15971178E+04
 0.40000000E+01; 0.15171652E+04
 0.45000000E+01; 0.13947139E+04
 0.50000000E+01; 0.13141008E+04
 0.55000000E+01; 0.12446931E+04
 0.60000000E+01; 0.11843568E+04
 0.65000000E+01; 0.11301245E+04
 0.70000000E+01; 0.11077490E+04
 0.75000000E+01; 0.10612063E+04
 0.80000000E+01; 0.10438508E+04
 0.85000000E+01; 0.98466010E+03
 0.90000000E+01; 0.10078539E+04
 0.95000000E+01; 0.96954114E+03
 0.10000000E+02; 0.95938831E+03
 0.10500000E+02; 0.99976251E+03
 0.11000000E+02; 0.10027710E+04
 0.11500000E+02; 0.10687755E+04
 0.12000000E+02; 0.11088190E+04
 0.12500000E+02; 0.11399137E+04
 0.13000000E+02; 0.11916910E+04
 0.13500000E+02; 0.12183251E+04
 0.14000000E+02; 0.13127815E+04
 0.14500000E+02; 0.13412214E+04
 0.15000000E+02; 0.14001577E+04
 0.15500000E+02; 0.14103297E+04
 0.16000000E+02; 0.14380398E+04
 0.16500000E+02; 0.14476145E+04
 0.17000000E+02; 0.14528713E+04
 0.17500000E+02; 0.14699432E+04
 0.18000000E+02; 0.16168722E+04
 0.18500000E+02; 0.17343214E+04
 0.19000000E+02; 0.19827671E+04
 0.19500000E+02; 0.23505371E+04
 0.20000000E+02; 0.27881116E+04
 0.20500000E+02; 0.33311816E+04
 0.21000000E+02; 0.39805017E+04
 0.21500000E+02; 0.47258965E+04
 0.22000000E+02; 0.55613413E+04
 0.22500000E+02; 0.64251079E+04
 0.23000000E+02; 0.73969199E+04
 0.23500000E+02; 0.83860117E+04
 0.24000000E+02; 0.93810088E+04
 0.24500000E+02; 0.10331697E+05
 0.25000000E+02; 0.11291657E+05
 0.25500000E+02; 0.12309276E+05
 0.26000000E+02; 0.13235559E+05
 0.26500000E+02; 0.14280374E+05
 0.27000000E+02; 0.15014236E+05
 0.27500000E+02; 0.15979859E+05
 0.28000000E+02; 0.16785840E+05
 0.28500000E+02; 0.17665908E+05
 0.29000000E+02; 0.18727744E+05
 0.29500000E+02; 0.19693018E+05
 0.30000000E+02; 0.20381916E+05
 0.30500000E+02; 0.21400176E+05
 0.31000000E+02; 0.22149689E+05
 0.31500000E+02; 0.23115295E+05
 0.32000000E+02; 0.23818654E+05
 0.32500000E+02; 0.24441982E+05
 0.33000000E+02; 0.24949182E+05
 0.33500000E+02; 0.25488584E+05
 0.34000000E+02; 0.26010061E+05
 0.34500000E+02; 0.26391209E+05
 0.35000000E+02; 0.26901902E+05
 0.35500000E+02; 0.27278096E+05
 0.36000000E+02; 0.27730729E+05
 0.36500000E+02; 0.28195643E+05
 0.37000000E+02; 0.28700928E+05
 0.37500000E+02; 0.28900422E+05
 0.38000000E+02; 0.29279211E+05
 0.38500000E+02; 0.29818768E+05
 0.39000000E+02; 0.30358795E+05
 0.39500000E+02; 0.30818234E+05
 0.40000000E+02; 0.31441660E+05
 0.40500000E+02; 0.32295400E+05
 0.41000000E+02; 0.33040770E+05
 0.41500000E+02; 0.33644988E+05
 0.42000000E+02; 0.34728492E+05
 0.42500000E+02; 0.35591852E+05
 0.43000000E+02; 0.36292566E+05
 0.43500000E+02; 0.37312180E+05
 0.44000000E+02; 0.38389570E+05
 0.44500000E+02; 0.39195020E+05
 0.45000000E+02; 0.39840391E+05
 0.45500000E+02; 0.40545297E+05
 0.46000000E+02; 0.41181918E+05
 0.46500000E+02; 0.41836430E+05
 0.47000000E+02; 0.42138422E+05
 0.47500000E+02; 0.42460211E+05
 0.48000000E+02; 0.42368281E+05
 0.48500000E+02; 0.42279387E+05
 0.49000000E+02; 0.42273602E+05
 0.49500000E+02; 0.41671578E+05
 0.50000000E+02; 0.41257320E+05
 0.50500000E+02; 0.40477035E+05
 0.51000000E+02; 0.39599801E+05
 0.51500000E+02; 0.38645395E+05
 0.52000000E+02; 0.37749309E+05
 0.52500000E+02; 0.37207645E+05
 0.53000000E+02; 0.36511113E+05
 0.53500000E+02; 0.36039738E+05
 0.54000000E+02; 0.35552977E+05
 0.54500000E+02; 0.35559344E+05
 0.55000000E+02; 0.35382570E+05
 0.55500000E+02; 0.35423012E+05
 0.56000000E+02; 0.35422531E+05
 0.56500000E+02; 0.35617617E+05
 0.57000000E+02; 0.35601758E+05
 0.57500000E+02; 0.35622324E+05
 0.58000000E+02; 0.35832648E+05
 0.58500000E+02; 0.36012672E+05
 0.59000000E+02; 0.36270113E+05
 0.59500000E+02; 0.36602867E+05
 0.60000000E+02; 0.36915676E+05
 0.60500000E+02; 0.37479492E+05
 0.61000000E+02; 0.37742309E+05
 0.61500000E+02; 0.38044723E+05
 0.62000000E+02; 0.38529578E+05
 0.62500000E+02; 0.39136828E+05
 0.63000000E+02; 0.39918559E+05
 0.63500000E+02; 0.40452820E+05
 0.64000000E+02; 0.41128707E+05
 0.64500000E+02; 0.41851852E+05
 0.65000000E+02; 0.42613699E+05
 0.65500000E+02; 0.43500535E+05
 0.66000000E+02; 0.44234375E+05
 0.66500000E+02; 0.45105137E+05
 0.67000000E+02; 0.46232684E+05
 0.67500000E+02; 0.47197664E+05
 0.68000000E+02; 0.48381184E+05
 0.68500000E+02; 0.49355918E+05
 0.69000000E+02; 0.50579676E+05
 0.69500000E+02; 0.51612961E+05
 0.70000000E+02; 0.52843289E+05
 0.70500000E+02; 0.54056332E+05
 0.71000000E+02; 0.55095793E+05
 0.71500000E+02; 0.55717949E+05
 0.72000000E+02; 0.56448203E+05
 0.72500000E+02; 0.57073539E+05
 0.73000000E+02; 0.57437582E+05
 0.73500000E+02; 0.57731469E+05
 0.74000000E+02; 0.58000836E+05
 0.74500000E+02; 0.58156121E+05
 0.75000000E+02; 0.58319719E+05
 0.75500000E+02; 0.58501633E+05
 0.76000000E+02; 0.58450621E+05
 0.76500000E+02; 0.58870156E+05
 0.77000000E+02; 0.58761879E+05
 0.77500000E+02; 0.58729516E+05
 0.78000000E+02; 0.58851371E+05
 0.78500000E+02; 0.58826965E+05
 0.79000000E+02; 0.58982863E+05
 0.79500000E+02; 0.59002258E+05
 0.80000000E+02; 0.59066758E+05
 0.80500000E+02; 0.58904617E+05
 0.81000000E+02; 0.58956207E+05
 0.81500000E+02; 0.58919547E+05
 0.82000000E+02; 0.58958223E+05
 0.82500000E+02; 0.59171453E+05
 0.83000000E+02; 0.59257488E+05
 0.83500000E+02; 0.59256996E+05
 0.84000000E+02; 0.59154012E+05
 0.84500000E+02; 0.59441316E+05
 0.85000000E+02; 0.59683523E+05
 0.85500000E+02; 0.59615152E+05
 0.86000000E+02; 0.59935953E+05
 0.86500000E+02; 0.60354566E+05
 0.87000000E+02; 0.60339629E+05
 0.87500000E+02; 0.60653020E+05
 0.88000000E+02; 0.61091520E+05
 0.88500000E+02; 0.61055379E+05
 0.89000000E+02; 0.61303141E+05
 0.89500000E+02; 0.61601371E+05
 0.90000000E+02; 0.61829551E+05
 0.90500000E+02; 0.61982738E+05
 0.91000000E+02; 0.62175688E+05
 0.91500000E+02; 0.62175906E+05
 0.92000000E+02; 0.62284645E+05
 0.92500000E+02; 0.62361000E+05
 0.93000000E+02; 0.62158730E+05
 0.93500000E+02; 0.62135781E+05
 0.94000000E+02; 0.61977625E+05
 0.94500000E+02; 0.61621500E+05
 0.95000000E+02; 0.61198277E+05
 0.95500000E+02; 0.60741402E+05
 0.96000000E+02; 0.60292043E+05
 0.96500000E+02; 0.59691996E+05
 0.97000000E+02; 0.59256695E+05
 0.97500000E+02; 0.58878648E+05
 0.98000000E+02; 0.58457551E+05
 0.98500000E+02; 0.57525289E+05
 0.99000000E+02; 0.57217336E+05
 0.99500000E+02; 0.56683582E+05
 0.10000000E+03; 0.56167074E+05
 0.10050000E+03; 0.55674168E+05
 0.10100000E+03; 0.54988422E+05
 0.10150000E+03; 0.54715082E+05
 0.10200000E+03; 0.54105527E+05
 0.10250000E+03; 0.53880105E+05
 0.10300000E+03; 0.53216191E+05
 0.10350000E+03; 0.52569605E+05
 0.10400000E+03; 0.52195160E+05
 0.10450000E+03; 0.52000941E+05
 0.10500000E+03; 0.51492445E+05
 0.10550000E+03; 0.51189711E+05
 0.10600000E+03; 0.50752121E+05
 0.10650000E+03; 0.50404973E+05
 0.10700000E+03; 0.49966410E+05
 0.10750000E+03; 0.49674660E+05
 0.10800000E+03; 0.49219039E+05
 0.10850000E+03; 0.49026000E+05
 0.10900000E+03; 0.48608344E+05
 0.10950000E+03; 0.48255715E+05
 0.11000000E+03; 0.48051762E+05
 0.11050000E+03; 0.47625977E+05
 0.11100000E+03; 0.47453656E+05
 0.11150000E+03; 0.47148398E+05
 0.11200000E+03; 0.46729406E+05
 0.11250000E+03; 0.46363539E+05
 0.11300000E+03; 0.46351508E+05
 0.11350000E+03; 0.46190645E+05
 0.11400000E+03; 0.45846441E+05
 0.11450000E+03; 0.45450027E+05
 0.11500000E+03; 0.45222863E+05
 0.11550000E+03; 0.44943352E+05
 0.11600000E+03; 0.44476375E+05
 0.11650000E+03; 0.44417926E+05
 0.11700000E+03; 0.44125066E+05
 0.11750000E+03; 0.43791102E+05
 0.11800000E+03; 0.43607340E+05
 0.11850000E+03; 0.43274117E+05
 0.11900000E+03; 0.43106184E+05
 0.11950000E+03; 0.42906973E+05
 0.12000000E+03; 0.42699387E+05
 0.12050000E+03; 0.42434723E+05
 0.12100000E+03; 0.42236262E+05
 0.12150000E+03; 0.42085512E+05
 0.12200000E+03; 0.41872113E+05
 0.12250000E+03; 0.41810730E+05
 0.12300000E+03; 0.41343793E+05
 0.12350000E+03; 0.41321000E+05
 0.12400000E+03; 0.41051082E+05
 0.12450000E+03; 0.40901145E+05
 0.12500000E+03; 0.40867336E+05
 0.12550000E+03; 0.40674664E+05
 0.12600000E+03; 0.40742289E+05
 0.12650000E+03; 0.40646574E+05
 0.12700000E+03; 0.40487969E+05
 0.12750000E+03; 0.40685422E+05
 0.12800000E+03; 0.40550016E+05
 0.12850000E+03; 0.40718680E+05
 0.12900000E+03; 0.40607258E+05
 0.12950000E+03; 0.41063621E+05
 0.13000000E+03; 0.41198023E+05
 0.13050000E+03; 0.41630234E+05
 0.13100000E+03; 0.42459254E+05
 0.13150000E+03; 0.42743699E+05
 0.13200000E+03; 0.43470605E+05
 0.13250000E+03; 0.44283742E+05
 0.13300000E+03; 0.45610395E+05
 0.13350000E+03; 0.46668801E+05
 0.13400000E+03; 0.47606660E+05
 0.13450000E+03; 0.49096145E+05
 0.13500000E+03; 0.50367043E+05
 0.13550000E+03; 0.51947504E+05
 0.13600000E+03; 0.53109336E+05
 0.13650000E+03; 0.54715023E+05
 0.13700000E+03; 0.55561410E+05
 0.13750000E+03; 0.56457172E+05
 0.13800000E+03; 0.56988785E+05
 0.13850000E+03; 0.57097281E+05
 0.13900000E+03; 0.56687555E+05
 0.13950000E+03; 0.55739535E+05
 0.14000000E+03; 0.54131441E+05
 0.14050000E+03; 0.52394191E+05
 0.14100000E+03; 0.49896980E+05
 0.14150000E+03; 0.46802574E+05
 0.14200000E+03; 0.43540770E+05
 0.14250000E+03; 0.40008027E+05
 0.14300000E+03; 0.36281883E+05
 0.14350000E+03; 0.32430682E+05
 0.14400000E+03; 0.28645924E+05
 0.14450000E+03; 0.24926070E+05
 0.14500000E+03; 0.21350646E+05
 0.14550000E+03; 0.17829916E+05
 0.14600000E+03; 0.14893121E+05
 0.14650000E+03; 0.12264269E+05
 0.14700000E+03; 0.99760078E+04
 0.14750000E+03; 0.78551577E+04
 0.14800000E+03; 0.61695938E+04
 0.14850000E+03; 0.47794678E+04
 0.14900000E+03; 0.36525950E+04
 0.14950000E+03; 0.27105076E+04
 0.15000000E+03; 0.20440098E+04
 0.15050000E+03; 0.15077628E+04
 0.15100000E+03; 0.10778966E+04
 0.15150000E+03; 0.75761823E+03
 0.15200000E+03; 0.53929938E+03
 0.15250000E+03; 0.34720331E+03
 0.15300000E+03; 0.24208463E+03
 0.15350000E+03; 0.16593365E+03
 0.15400000E+03; 0.10597518E+03
 0.15450000E+03; 0.64961311E+02
 0.15500000E+03; 0.37989548E+02
 0.15550000E+03; 0.27195871E+02
 0.15600000E+03; 0.15713507E+02
 0.15650000E+03; 0.10413724E+02
 0.15700000E+03; 0.46886177E+01
 0.15750000E+03; 0.24211025E+01
 0.15800000E+03; 0.16155508E+01
 0.15850000E+03; 0.12460606E+01
 0.15900000E+03; 0.74671769E+00
 0.15950000E+03; 0.41751394E+00
 0.16000000E+03; 0.65202945E+00
 0.16050000E+03; 0.37805021E+00
 0.16100000E+03; 0.11341559E+00
 0.16150000E+03; 0.00000000E+00
 0.16200000E+03; 0.00000000E+00
 0.16250000E+03; 0.00000000E+00
 0.16300000E+03; 0.00000000E+00
 0.16350000E+03; 0.00000000E+00
 0.16400000E+03; 0.00000000E+00
 0.16450000E+03; 0.00000000E+00
 0.16500000E+03; 0.00000000E+00
 0.16550000E+03; 0.00000000E+00
 0.16600000E+03; 0.00000000E+00
 0.16650000E+03; 0.00000000E+00
 0.16700000E+03; 0.00000000E+00
 0.16750000E+03; 0.00000000E+00
 0.16800000E+03; 0.00000000E+00
 0.16850000E+03; 0.00000000E+00
 0.16900000E+03; 0.00000000E+00
 0.16950000E+03; 0.00000000E+00
 0.17000000E+03; 0.00000000E+00
 0.17050000E+03; 0.00000000E+00
 0.17100000E+03; 0.00000000E+00
 0.17150000E+03; 0.00000000E+00
 0.17200000E+03; 0.00000000E+00
 0.17250000E+03; 0.00000000E+00
 0.17300000E+03; 0.00000000E+00
 0.17350000E+03; 0.00000000E+00
 0.17400000E+03; 0.00000000E+00
 0.17450000E+03; 0.00000000E+00
 0.17500000E+03; 0.00000000E+00
 0.17550000E+03; 0.00000000E+00
 0.17600000E+03; 0.00000000E+00
 0.17650000E+03; 0.00000000E+00
 0.17700000E+03; 0.00000000E+00
 0.17750000E+03; 0.00000000E+00
 0.17800000E+03; 0.00000000E+00
 0.17850000E+03; 0.00000000E+00
 0.17900000E+03; 0.00000000E+00
 0.17950000E+03; 0.00000000E+00
 0.18000000E+03; 0.00000000E+00
 0.18050000E+03; 0.00000000E+00
 0.18100000E+03; 0.00000000E+00
 0.18150000E+03; 0.00000000E+00
 0.18200000E+03; 0.00000000E+00
 0.18250000E+03; 0.00000000E+00
 0.18300000E+03; 0.00000000E+00
 0.18350000E+03; 0.00000000E+00
 0.18400000E+03; 0.00000000E+00
 0.18450000E+03; 0.00000000E+00
 0.18500000E+03; 0.00000000E+00
 0.18550000E+03; 0.00000000E+00
 0.18600000E+03; 0.00000000E+00
 0.18650000E+03; 0.00000000E+00
 0.18700000E+03; 0.00000000E+00
 0.18750000E+03; 0.00000000E+00
 0.18800000E+03; 0.00000000E+00
 0.18850000E+03; 0.00000000E+00
 0.18900000E+03; 0.00000000E+00
 0.18950000E+03; 0.00000000E+00
 0.19000000E+03; 0.00000000E+00
 0.19050000E+03; 0.00000000E+00
 0.19100000E+03; 0.00000000E+00
 0.19150000E+03; 0.00000000E+00
 0.19200000E+03; 0.00000000E+00
 0.19250000E+03; 0.00000000E+00
 0.19300000E+03; 0.00000000E+00
 0.19350000E+03; 0.00000000E+00
 0.19400000E+03; 0.00000000E+00
 0.19450000E+03; 0.00000000E+00
 0.19500000E+03; 0.00000000E+00
 0.19550000E+03; 0.00000000E+00
 0.19600000E+03; 0.00000000E+00
 0.19650000E+03; 0.00000000E+00
 0.19700000E+03; 0.00000000E+00
 0.19750000E+03; 0.00000000E+00
 0.19800000E+03; 0.00000000E+00
 0.19850000E+03; 0.00000000E+00
 0.19900000E+03; 0.00000000E+00
 0.19950000E+03; 0.00000000E+00
 0.20000000E+03; 0.00000000E+00
 0.20050000E+03; 0.00000000E+00
 0.20100000E+03; 0.00000000E+00
 0.20150000E+03; 0.00000000E+00
 0.20200000E+03; 0.00000000E+00
 0.20250000E+03; 0.00000000E+00
 0.20300000E+03; 0.00000000E+00
 0.20350000E+03; 0.00000000E+00
 0.20400000E+03; 0.00000000E+00
 0.20450000E+03; 0.00000000E+00
 0.20500000E+03; 0.00000000E+00
 0.20550000E+03; 0.00000000E+00
 0.20600000E+03; 0.00000000E+00
 0.20650000E+03; 0.00000000E+00
 0.20700000E+03; 0.00000000E+00
 0.20750000E+03; 0.00000000E+00
 0.20800000E+03; 0.00000000E+00
 0.20850000E+03; 0.00000000E+00
 0.20900000E+03; 0.00000000E+00
 0.20950000E+03; 0.00000000E+00
 0.21000000E+03; 0.00000000E+00
 0.21050000E+03; 0.00000000E+00
 0.21100000E+03; 0.00000000E+00
 0.21150000E+03; 0.00000000E+00
 0.21200000E+03; 0.00000000E+00
 0.21250000E+03; 0.00000000E+00
 0.21300000E+03; 0.00000000E+00
 0.21350000E+03; 0.00000000E+00
 0.21400000E+03; 0.00000000E+00
 0.21450000E+03; 0.00000000E+00
 0.21500000E+03; 0.00000000E+00
 0.21550000E+03; 0.00000000E+00
 0.21600000E+03; 0.00000000E+00
 0.21650000E+03; 0.00000000E+00
 0.21700000E+03; 0.00000000E+00
 0.21750000E+03; 0.00000000E+00
 0.21800000E+03; 0.00000000E+00
 0.21850000E+03; 0.00000000E+00
 0.21900000E+03; 0.00000000E+00
 0.21950000E+03; 0.00000000E+00
 0.22000000E+03; 0.00000000E+00
 0.22050000E+03; 0.00000000E+00
 0.22100000E+03; 0.00000000E+00
 0.22150000E+03; 0.00000000E+00
 0.22200000E+03; 0.00000000E+00
 0.22250000E+03; 0.00000000E+00
 0.22300000E+03; 0.00000000E+00
 0.22350000E+03; 0.00000000E+00
 0.22400000E+03; 0.00000000E+00
 0.22450000E+03; 0.00000000E+00
 0.22500000E+03; 0.00000000E+00
 0.22550000E+03; 0.00000000E+00
 0.22600000E+03; 0.00000000E+00
 0.22650000E+03; 0.00000000E+00
 0.22700000E+03; 0.00000000E+00
 0.22750000E+03; 0.00000000E+00
 0.22800000E+03; 0.00000000E+00
 0.22850000E+03; 0.00000000E+00
 0.22900000E+03; 0.00000000E+00
 0.22950000E+03; 0.00000000E+00
 0.23000000E+03; 0.00000000E+00
 0.23050000E+03; 0.00000000E+00
 0.23100000E+03; 0.00000000E+00
 0.23150000E+03; 0.00000000E+00
 0.23200000E+03; 0.00000000E+00
 0.23250000E+03; 0.00000000E+00
 0.23300000E+03; 0.00000000E+00
 0.23350000E+03; 0.00000000E+00
 0.23400000E+03; 0.00000000E+00
 0.23450000E+03; 0.00000000E+00
 0.23500000E+03; 0.00000000E+00
 0.23550000E+03; 0.00000000E+00
 0.23600000E+03; 0.00000000E+00
 0.23650000E+03; 0.00000000E+00
 0.23700000E+03; 0.00000000E+00
 0.23750000E+03; 0.00000000E+00
 0.23800000E+03; 0.00000000E+00
 0.23850000E+03; 0.00000000E+00
 0.23900000E+03; 0.00000000E+00
 0.23950000E+03; 0.00000000E+00
 0.24000000E+03; 0.00000000E+00
 0.24050000E+03; 0.00000000E+00
 0.24100000E+03; 0.00000000E+00
 0.24150000E+03; 0.00000000E+00
 0.24200000E+03; 0.00000000E+00
 0.24250000E+03; 0.00000000E+00
 0.24300000E+03; 0.00000000E+00
 0.24350000E+03; 0.00000000E+00
 0.24400000E+03; 0.00000000E+00
 0.24450000E+03; 0.00000000E+00
 0.24500000E+03; 0.00000000E+00
 0.24550000E+03; 0.00000000E+00
 0.24600000E+03; 0.00000000E+00
 0.24650000E+03; 0.00000000E+00
 0.24700000E+03; 0.00000000E+00
 0.24750000E+03; 0.00000000E+00
 0.24800000E+03; 0.00000000E+00
 0.24850000E+03; 0.00000000E+00
 0.24900000E+03; 0.00000000E+00
 0.24950000E+03; 0.00000000E+00
 0.25000000E+03; 0.00000000E+00
 0.25050000E+03; 0.00000000E+00
 0.25100000E+03; 0.00000000E+00
 0.25150000E+03; 0.00000000E+00
 0.25200000E+03; 0.00000000E+00
 0.25250000E+03; 0.00000000E+00
 0.25300000E+03; 0.00000000E+00
 0.25350000E+03; 0.00000000E+00
 0.25400000E+03; 0.00000000E+00
 0.25450000E+03; 0.00000000E+00
 0.25500000E+03; 0.00000000E+00
 0.25550000E+03; 0.00000000E+00
 0.25600000E+03; 0.00000000E+00
