 0.50000000E+00; 0.13268580E+04
 0.10000000E+01; 0.15160132E+04
 0.15000000E+01; 0.16793633E+04
 0.20000000E+01; 0.16372037E+04
 0.25000000E+01; 0.15714846E+04
 0.30000000E+01; 0.15223203E+04
 0.35000000E+01; 0.13937535E+04
 0.40000000E+01; 0.13231392E+04
 0.45000000E+01; 0.12467483E+04
 0.50000000E+01; 0.12171387E+04
 0.55000000E+01; 0.11126270E+04
 0.60000000E+01; 0.10666752E+04
 0.65000000E+01; 0.10329501E+04
 0.70000000E+01; 0.10140871E+04
 0.75000000E+01; 0.99365308E+03
 0.80000000E+01; 0.96917639E+03
 0.85000000E+01; 0.94752814E+03
 0.90000000E+01; 0.90949939E+03
 0.95000000E+01; 0.92447498E+03
 0.10000000E+02; 0.92845953E+03
 0.10500000E+02; 0.95100568E+03
 0.11000000E+02; 0.95242725E+03
 0.11500000E+02; 0.10090255E+04
 0.12000000E+02; 0.10158933E+04
 0.12500000E+02; 0.10920084E+04
 0.13000000E+02; 0.11464568E+04
 0.13500000E+02; 0.11760748E+04
 0.14000000E+02; 0.12269430E+04
 0.14500000E+02; 0.12787931E+04
 0.15000000E+02; 0.12887731E+04
 0.15500000E+02; 0.13131000E+04
 0.16000000E+02; 0.13440073E+04
 0.16500000E+02; 0.13402739E+04
 0.17000000E+02; 0.13844011E+04
 0.17500000E+02; 0.14243209E+04
 0.18000000E+02; 0.15287736E+04
 0.18500000E+02; 0.16929176E+04
 0.19000000E+02; 0.19032839E+04
 0.19500000E+02; 0.22207300E+04
 0.20000000E+02; 0.26676689E+04
 0.20500000E+02; 0.32244836E+04
 0.21000000E+02; 0.38991514E+04
 0.21500000E+02; 0.46087427E+04
 0.22000000E+02; 0.54015029E+04
 0.22500000E+02; 0.62599409E+04
 0.23000000E+02; 0.72643389E+04
 0.23500000E+02; 0.82047607E+04
 0.24000000E+02; 0.92438672E+04
 0.24500000E+02; 0.10183049E+05
 0.25000000E+02; 0.11229291E+05
 0.25500000E+02; 0.12125909E+05
 0.26000000E+02; 0.13043280E+05
 0.26500000E+02; 0.13904800E+05
 0.27000000E+02; 0.14739338E+05
 0.27500000E+02; 0.15556465E+05
 0.28000000E+02; 0.16468338E+05
 0.28500000E+02; 0.17409102E+05
 0.29000000E+02; 0.18161377E+05
 0.29500000E+02; 0.18982551E+05
 0.30000000E+02; 0.19831750E+05
 0.30500000E+02; 0.20738926E+05
 0.31000000E+02; 0.21500787E+05
 0.31500000E+02; 0.22258092E+05
 0.32000000E+02; 0.22771742E+05
 0.32500000E+02; 0.23590408E+05
 0.33000000E+02; 0.24174590E+05
 0.33500000E+02; 0.24477752E+05
 0.34000000E+02; 0.24975934E+05
 0.34500000E+02; 0.25545516E+05
 0.35000000E+02; 0.25946814E+05
 0.35500000E+02; 0.26282191E+05
 0.36000000E+02; 0.26830588E+05
 0.36500000E+02; 0.27145121E+05
 0.37000000E+02; 0.27645715E+05
 0.37500000E+02; 0.27985361E+05
 0.38000000E+02; 0.28458145E+05
 0.38500000E+02; 0.28719490E+05
 0.39000000E+02; 0.29325352E+05
 0.39500000E+02; 0.29842744E+05
 0.40000000E+02; 0.30355258E+05
 0.40500000E+02; 0.30860059E+05
 0.41000000E+02; 0.31662912E+05
 0.41500000E+02; 0.32393430E+05
 0.42000000E+02; 0.33311477E+05
 0.42500000E+02; 0.34065047E+05
 0.43000000E+02; 0.34608047E+05
 0.43500000E+02; 0.35425492E+05
 0.44000000E+02; 0.36203574E+05
 0.44500000E+02; 0.37011285E+05
 0.45000000E+02; 0.37652750E+05
 0.45500000E+02; 0.38224551E+05
 0.46000000E+02; 0.38623680E+05
 0.46500000E+02; 0.39088559E+05
 0.47000000E+02; 0.39116070E+05
 0.47500000E+02; 0.39586465E+05
 0.48000000E+02; 0.39268082E+05
 0.48500000E+02; 0.39393688E+05
 0.49000000E+02; 0.39224602E+05
 0.49500000E+02; 0.38630121E+05
 0.50000000E+02; 0.38299398E+05
 0.50500000E+02; 0.37567418E+05
 0.51000000E+02; 0.37034457E+05
 0.51500000E+02; 0.36247793E+05
 0.52000000E+02; 0.35396586E+05
 0.52500000E+02; 0.34833246E+05
 0.53000000E+02; 0.34354230E+05
 0.53500000E+02; 0.34081234E+05
 0.54000000E+02; 0.33735762E+05
 0.54500000E+02; 0.33771684E+05
 0.55000000E+02; 0.33712523E+05
 0.55500000E+02; 0.33735297E+05
 0.56000000E+02; 0.33704754E+05
 0.56500000E+02; 0.33860848E+05
 0.57000000E+02; 0.34058543E+05
 0.57500000E+02; 0.34071887E+05
 0.58000000E+02; 0.34271797E+05
 0.58500000E+02; 0.34672691E+05
 0.59000000E+02; 0.34860820E+05
 0.59500000E+02; 0.35346715E+05
 0.60000000E+02; 0.35558684E+05
 0.60500000E+02; 0.35906953E+05
 0.61000000E+02; 0.36279449E+05
 0.61500000E+02; 0.36890609E+05
 0.62000000E+02; 0.37288129E+05
 0.62500000E+02; 0.37900023E+05
 0.63000000E+02; 0.38503168E+05
 0.63500000E+02; 0.39144305E+05
 0.64000000E+02; 0.39929438E+05
 0.64500000E+02; 0.40687035E+05
 0.65000000E+02; 0.41221148E+05
 0.65500000E+02; 0.42169535E+05
 0.66000000E+02; 0.42891449E+05
 0.66500000E+02; 0.43954996E+05
 0.67000000E+02; 0.44762453E+05
 0.67500000E+02; 0.45834500E+05
 0.68000000E+02; 0.46672766E+05
 0.68500000E+02; 0.47666676E+05
 0.69000000E+02; 0.48957574E+05
 0.69500000E+02; 0.49963328E+05
 0.70000000E+02; 0.50792613E+05
 0.70500000E+02; 0.51897391E+05
 0.71000000E+02; 0.52731543E+05
 0.71500000E+02; 0.53439434E+05
 0.72000000E+02; 0.54086742E+05
 0.72500000E+02; 0.54569703E+05
 0.73000000E+02; 0.54982207E+05
 0.73500000E+02; 0.55187949E+05
 0.74000000E+02; 0.55347871E+05
 0.74500000E+02; 0.55553988E+05
 0.75000000E+02; 0.55734434E+05
 0.75500000E+02; 0.55858277E+05
 0.76000000E+02; 0.56005535E+05
 0.76500000E+02; 0.55863746E+05
 0.77000000E+02; 0.56074996E+05
 0.77500000E+02; 0.56157625E+05
 0.78000000E+02; 0.56145117E+05
 0.78500000E+02; 0.56391680E+05
 0.79000000E+02; 0.56269121E+05
 0.79500000E+02; 0.56235539E+05
 0.80000000E+02; 0.56256648E+05
 0.80500000E+02; 0.56384770E+05
 0.81000000E+02; 0.56335434E+05
 0.81500000E+02; 0.56389559E+05
 0.82000000E+02; 0.56446418E+05
 0.82500000E+02; 0.56560914E+05
 0.83000000E+02; 0.56452750E+05
 0.83500000E+02; 0.56395883E+05
 0.84000000E+02; 0.56489039E+05
 0.84500000E+02; 0.56835605E+05
 0.85000000E+02; 0.56686961E+05
 0.85500000E+02; 0.56991570E+05
 0.86000000E+02; 0.57146445E+05
 0.86500000E+02; 0.57445285E+05
 0.87000000E+02; 0.57380812E+05
 0.87500000E+02; 0.57632520E+05
 0.88000000E+02; 0.57655109E+05
 0.88500000E+02; 0.57899859E+05
 0.89000000E+02; 0.58260645E+05
 0.89500000E+02; 0.58357922E+05
 0.90000000E+02; 0.58495465E+05
 0.90500000E+02; 0.58745980E+05
 0.91000000E+02; 0.58735645E+05
 0.91500000E+02; 0.58687820E+05
 0.92000000E+02; 0.58614207E+05
 0.92500000E+02; 0.58509957E+05
 0.93000000E+02; 0.58419145E+05
 0.93500000E+02; 0.58351375E+05
 0.94000000E+02; 0.58118129E+05
 0.94500000E+02; 0.57661984E+05
 0.95000000E+02; 0.57562270E+05
 0.95500000E+02; 0.57226398E+05
 0.96000000E+02; 0.56904996E+05
 0.96500000E+02; 0.56445527E+05
 0.97000000E+02; 0.55658094E+05
 0.97500000E+02; 0.55181355E+05
 0.98000000E+02; 0.54826754E+05
 0.98500000E+02; 0.54296496E+05
 0.99000000E+02; 0.53935195E+05
 0.99500000E+02; 0.53487691E+05
 0.10000000E+03; 0.53026355E+05
 0.10050000E+03; 0.52404273E+05
 0.10100000E+03; 0.52119781E+05
 0.10150000E+03; 0.51590348E+05
 0.10200000E+03; 0.51196438E+05
 0.10250000E+03; 0.50577547E+05
 0.10300000E+03; 0.50438941E+05
 0.10350000E+03; 0.49890879E+05
 0.10400000E+03; 0.49391117E+05
 0.10450000E+03; 0.49178691E+05
 0.10500000E+03; 0.48700371E+05
 0.10550000E+03; 0.48260605E+05
 0.10600000E+03; 0.48052461E+05
 0.10650000E+03; 0.47613363E+05
 0.10700000E+03; 0.47200191E+05
 0.10750000E+03; 0.46936215E+05
 0.10800000E+03; 0.46656715E+05
 0.10850000E+03; 0.46242941E+05
 0.10900000E+03; 0.46028238E+05
 0.10950000E+03; 0.45895988E+05
 0.11000000E+03; 0.45421672E+05
 0.11050000E+03; 0.45067613E+05
 0.11100000E+03; 0.44765527E+05
 0.11150000E+03; 0.44706352E+05
 0.11200000E+03; 0.44165715E+05
 0.11250000E+03; 0.43844613E+05
 0.11300000E+03; 0.43646012E+05
 0.11350000E+03; 0.43385773E+05
 0.11400000E+03; 0.43173703E+05
 0.11450000E+03; 0.42842820E+05
 0.11500000E+03; 0.42441688E+05
 0.11550000E+03; 0.42388305E+05
 0.11600000E+03; 0.42065375E+05
 0.11650000E+03; 0.41875117E+05
 0.11700000E+03; 0.41586445E+05
 0.11750000E+03; 0.41328859E+05
 0.11800000E+03; 0.41120641E+05
 0.11850000E+03; 0.40570793E+05
 0.11900000E+03; 0.40526391E+05
 0.11950000E+03; 0.40208418E+05
 0.12000000E+03; 0.40188773E+05
 0.12050000E+03; 0.39733953E+05
 0.12100000E+03; 0.39427137E+05
 0.12150000E+03; 0.39376812E+05
 0.12200000E+03; 0.39031395E+05
 0.12250000E+03; 0.39003352E+05
 0.12300000E+03; 0.38878441E+05
 0.12350000E+03; 0.38610316E+05
 0.12400000E+03; 0.38237383E+05
 0.12450000E+03; 0.38095145E+05
 0.12500000E+03; 0.37950355E+05
 0.12550000E+03; 0.37881453E+05
 0.12600000E+03; 0.37784457E+05
 0.12650000E+03; 0.37371719E+05
 0.12700000E+03; 0.37695566E+05
 0.12750000E+03; 0.37221227E+05
 0.12800000E+03; 0.37347426E+05
 0.12850000E+03; 0.37254832E+05
 0.12900000E+03; 0.37363945E+05
 0.12950000E+03; 0.37643551E+05
 0.13000000E+03; 0.37722672E+05
 0.13050000E+03; 0.37969691E+05
 0.13100000E+03; 0.38350266E+05
 0.13150000E+03; 0.38734344E+05
 0.13200000E+03; 0.39248648E+05
 0.13250000E+03; 0.39848613E+05
 0.13300000E+03; 0.40637695E+05
 0.13350000E+03; 0.41541117E+05
 0.13400000E+03; 0.42292840E+05
 0.13450000E+03; 0.43563602E+05
 0.13500000E+03; 0.44576156E+05
 0.13550000E+03; 0.45530430E+05
 0.13600000E+03; 0.46710367E+05
 0.13650000E+03; 0.47640859E+05
 0.13700000E+03; 0.48562840E+05
 0.13750000E+03; 0.49124430E+05
 0.13800000E+03; 0.49108699E+05
 0.13850000E+03; 0.48991570E+05
 0.13900000E+03; 0.48811523E+05
 0.13950000E+03; 0.47589039E+05
 0.14000000E+03; 0.46627746E+05
 0.14050000E+03; 0.44740000E+05
 0.14100000E+03; 0.42482570E+05
 0.14150000E+03; 0.39870617E+05
 0.14200000E+03; 0.37158074E+05
 0.14250000E+03; 0.33957082E+05
 0.14300000E+03; 0.30855090E+05
 0.14350000E+03; 0.27498707E+05
 0.14400000E+03; 0.24250314E+05
 0.14450000E+03; 0.21008006E+05
 0.14500000E+03; 0.18005035E+05
 0.14550000E+03; 0.15241193E+05
 0.14600000E+03; 0.12661853E+05
 0.14650000E+03; 0.10382677E+05
 0.14700000E+03; 0.83842324E+04
 0.14750000E+03; 0.67343140E+04
 0.14800000E+03; 0.52539585E+04
 0.14850000E+03; 0.40500483E+04
 0.14900000E+03; 0.31035605E+04
 0.14950000E+03; 0.23188313E+04
 0.15000000E+03; 0.17188888E+04
 0.15050000E+03; 0.12532844E+04
 0.15100000E+03; 0.89463513E+03
 0.15150000E+03; 0.63646411E+03
 0.15200000E+03; 0.44803918E+03
 0.15250000E+03; 0.30320566E+03
 0.15300000E+03; 0.19792064E+03
 0.15350000E+03; 0.13721722E+03
 0.15400000E+03; 0.90363808E+02
 0.15450000E+03; 0.57402439E+02
 0.15500000E+03; 0.36158535E+02
 0.15550000E+03; 0.21426006E+02
 0.15600000E+03; 0.14445828E+02
 0.15650000E+03; 0.10061060E+02
 0.15700000E+03; 0.27422009E+01
 0.15750000E+03; 0.26763990E+01
 0.15800000E+03; 0.27419124E+01
 0.15850000E+03; 0.59260690E+00
 0.15900000E+03; 0.34408489E+00
 0.15950000E+03; 0.21514654E+00
 0.16000000E+03; 0.69255106E-01
 0.16050000E+03; 0.00000000E+00
 0.16100000E+03; 0.11592886E+00
 0.16150000E+03; 0.13991100E+00
 0.16200000E+03; 0.00000000E+00
 0.16250000E+03; 0.00000000E+00
 0.16300000E+03; 0.00000000E+00
 0.16350000E+03; 0.00000000E+00
 0.16400000E+03; 0.00000000E+00
 0.16450000E+03; 0.00000000E+00
 0.16500000E+03; 0.00000000E+00
 0.16550000E+03; 0.00000000E+00
 0.16600000E+03; 0.00000000E+00
 0.16650000E+03; 0.00000000E+00
 0.16700000E+03; 0.00000000E+00
 0.16750000E+03; 0.00000000E+00
 0.16800000E+03; 0.00000000E+00
 0.16850000E+03; 0.00000000E+00
 0.16900000E+03; 0.00000000E+00
 0.16950000E+03; 0.00000000E+00
 0.17000000E+03; 0.00000000E+00
 0.17050000E+03; 0.00000000E+00
 0.17100000E+03; 0.00000000E+00
 0.17150000E+03; 0.00000000E+00
 0.17200000E+03; 0.00000000E+00
 0.17250000E+03; 0.00000000E+00
 0.17300000E+03; 0.00000000E+00
 0.17350000E+03; 0.00000000E+00
 0.17400000E+03; 0.00000000E+00
 0.17450000E+03; 0.00000000E+00
 0.17500000E+03; 0.00000000E+00
 0.17550000E+03; 0.00000000E+00
 0.17600000E+03; 0.00000000E+00
 0.17650000E+03; 0.00000000E+00
 0.17700000E+03; 0.00000000E+00
 0.17750000E+03; 0.00000000E+00
 0.17800000E+03; 0.00000000E+00
 0.17850000E+03; 0.00000000E+00
 0.17900000E+03; 0.00000000E+00
 0.17950000E+03; 0.00000000E+00
 0.18000000E+03; 0.00000000E+00
 0.18050000E+03; 0.00000000E+00
 0.18100000E+03; 0.00000000E+00
 0.18150000E+03; 0.00000000E+00
 0.18200000E+03; 0.00000000E+00
 0.18250000E+03; 0.00000000E+00
 0.18300000E+03; 0.00000000E+00
 0.18350000E+03; 0.00000000E+00
 0.18400000E+03; 0.00000000E+00
 0.18450000E+03; 0.00000000E+00
 0.18500000E+03; 0.00000000E+00
 0.18550000E+03; 0.00000000E+00
 0.18600000E+03; 0.00000000E+00
 0.18650000E+03; 0.00000000E+00
 0.18700000E+03; 0.00000000E+00
 0.18750000E+03; 0.00000000E+00
 0.18800000E+03; 0.00000000E+00
 0.18850000E+03; 0.00000000E+00
 0.18900000E+03; 0.00000000E+00
 0.18950000E+03; 0.00000000E+00
 0.19000000E+03; 0.00000000E+00
 0.19050000E+03; 0.00000000E+00
 0.19100000E+03; 0.00000000E+00
 0.19150000E+03; 0.00000000E+00
 0.19200000E+03; 0.00000000E+00
 0.19250000E+03; 0.00000000E+00
 0.19300000E+03; 0.00000000E+00
 0.19350000E+03; 0.00000000E+00
 0.19400000E+03; 0.00000000E+00
 0.19450000E+03; 0.00000000E+00
 0.19500000E+03; 0.00000000E+00
 0.19550000E+03; 0.00000000E+00
 0.19600000E+03; 0.00000000E+00
 0.19650000E+03; 0.00000000E+00
 0.19700000E+03; 0.00000000E+00
 0.19750000E+03; 0.00000000E+00
 0.19800000E+03; 0.00000000E+00
 0.19850000E+03; 0.00000000E+00
 0.19900000E+03; 0.00000000E+00
 0.19950000E+03; 0.00000000E+00
 0.20000000E+03; 0.00000000E+00
 0.20050000E+03; 0.00000000E+00
 0.20100000E+03; 0.00000000E+00
 0.20150000E+03; 0.00000000E+00
 0.20200000E+03; 0.00000000E+00
 0.20250000E+03; 0.00000000E+00
 0.20300000E+03; 0.00000000E+00
 0.20350000E+03; 0.00000000E+00
 0.20400000E+03; 0.00000000E+00
 0.20450000E+03; 0.00000000E+00
 0.20500000E+03; 0.00000000E+00
 0.20550000E+03; 0.00000000E+00
 0.20600000E+03; 0.00000000E+00
 0.20650000E+03; 0.00000000E+00
 0.20700000E+03; 0.00000000E+00
 0.20750000E+03; 0.00000000E+00
 0.20800000E+03; 0.00000000E+00
 0.20850000E+03; 0.00000000E+00
 0.20900000E+03; 0.00000000E+00
 0.20950000E+03; 0.00000000E+00
 0.21000000E+03; 0.00000000E+00
 0.21050000E+03; 0.00000000E+00
 0.21100000E+03; 0.00000000E+00
 0.21150000E+03; 0.00000000E+00
 0.21200000E+03; 0.00000000E+00
 0.21250000E+03; 0.00000000E+00
 0.21300000E+03; 0.00000000E+00
 0.21350000E+03; 0.00000000E+00
 0.21400000E+03; 0.00000000E+00
 0.21450000E+03; 0.00000000E+00
 0.21500000E+03; 0.00000000E+00
 0.21550000E+03; 0.00000000E+00
 0.21600000E+03; 0.00000000E+00
 0.21650000E+03; 0.00000000E+00
 0.21700000E+03; 0.00000000E+00
 0.21750000E+03; 0.00000000E+00
 0.21800000E+03; 0.00000000E+00
 0.21850000E+03; 0.00000000E+00
 0.21900000E+03; 0.00000000E+00
 0.21950000E+03; 0.00000000E+00
 0.22000000E+03; 0.00000000E+00
 0.22050000E+03; 0.00000000E+00
 0.22100000E+03; 0.00000000E+00
 0.22150000E+03; 0.00000000E+00
 0.22200000E+03; 0.00000000E+00
 0.22250000E+03; 0.00000000E+00
 0.22300000E+03; 0.00000000E+00
 0.22350000E+03; 0.00000000E+00
 0.22400000E+03; 0.00000000E+00
 0.22450000E+03; 0.00000000E+00
 0.22500000E+03; 0.00000000E+00
 0.22550000E+03; 0.00000000E+00
 0.22600000E+03; 0.00000000E+00
 0.22650000E+03; 0.00000000E+00
 0.22700000E+03; 0.00000000E+00
 0.22750000E+03; 0.00000000E+00
 0.22800000E+03; 0.00000000E+00
 0.22850000E+03; 0.00000000E+00
 0.22900000E+03; 0.00000000E+00
 0.22950000E+03; 0.00000000E+00
 0.23000000E+03; 0.00000000E+00
 0.23050000E+03; 0.00000000E+00
 0.23100000E+03; 0.00000000E+00
 0.23150000E+03; 0.00000000E+00
 0.23200000E+03; 0.00000000E+00
 0.23250000E+03; 0.00000000E+00
 0.23300000E+03; 0.00000000E+00
 0.23350000E+03; 0.00000000E+00
 0.23400000E+03; 0.00000000E+00
 0.23450000E+03; 0.00000000E+00
 0.23500000E+03; 0.00000000E+00
 0.23550000E+03; 0.00000000E+00
 0.23600000E+03; 0.00000000E+00
 0.23650000E+03; 0.00000000E+00
 0.23700000E+03; 0.00000000E+00
 0.23750000E+03; 0.00000000E+00
 0.23800000E+03; 0.00000000E+00
 0.23850000E+03; 0.00000000E+00
 0.23900000E+03; 0.00000000E+00
 0.23950000E+03; 0.00000000E+00
 0.24000000E+03; 0.00000000E+00
 0.24050000E+03; 0.00000000E+00
 0.24100000E+03; 0.00000000E+00
 0.24150000E+03; 0.00000000E+00
 0.24200000E+03; 0.00000000E+00
 0.24250000E+03; 0.00000000E+00
 0.24300000E+03; 0.00000000E+00
 0.24350000E+03; 0.00000000E+00
 0.24400000E+03; 0.00000000E+00
 0.24450000E+03; 0.00000000E+00
 0.24500000E+03; 0.00000000E+00
 0.24550000E+03; 0.00000000E+00
 0.24600000E+03; 0.00000000E+00
 0.24650000E+03; 0.00000000E+00
 0.24700000E+03; 0.00000000E+00
 0.24750000E+03; 0.00000000E+00
 0.24800000E+03; 0.00000000E+00
 0.24850000E+03; 0.00000000E+00
 0.24900000E+03; 0.00000000E+00
 0.24950000E+03; 0.00000000E+00
 0.25000000E+03; 0.00000000E+00
 0.25050000E+03; 0.00000000E+00
 0.25100000E+03; 0.00000000E+00
 0.25150000E+03; 0.00000000E+00
 0.25200000E+03; 0.00000000E+00
 0.25250000E+03; 0.00000000E+00
 0.25300000E+03; 0.00000000E+00
 0.25350000E+03; 0.00000000E+00
 0.25400000E+03; 0.00000000E+00
 0.25450000E+03; 0.00000000E+00
 0.25500000E+03; 0.00000000E+00
 0.25550000E+03; 0.00000000E+00
 0.25600000E+03; 0.00000000E+00
