 0.50000000E+00; 0.12731270E+04
 0.10000000E+01; 0.14806448E+04
 0.15000000E+01; 0.15635996E+04
 0.20000000E+01; 0.16198982E+04
 0.25000000E+01; 0.15662920E+04
 0.30000000E+01; 0.14730581E+04
 0.35000000E+01; 0.13702327E+04
 0.40000000E+01; 0.12846965E+04
 0.45000000E+01; 0.12178782E+04
 0.50000000E+01; 0.11562380E+04
 0.55000000E+01; 0.10931436E+04
 0.60000000E+01; 0.10560461E+04
 0.65000000E+01; 0.99200439E+03
 0.70000000E+01; 0.97549738E+03
 0.75000000E+01; 0.95454022E+03
 0.80000000E+01; 0.95815625E+03
 0.85000000E+01; 0.91928693E+03
 0.90000000E+01; 0.88814349E+03
 0.95000000E+01; 0.90841937E+03
 0.10000000E+02; 0.90856226E+03
 0.10500000E+02; 0.92017999E+03
 0.11000000E+02; 0.93521301E+03
 0.11500000E+02; 0.98771448E+03
 0.12000000E+02; 0.10137913E+04
 0.12500000E+02; 0.10655476E+04
 0.13000000E+02; 0.11175348E+04
 0.13500000E+02; 0.11394500E+04
 0.14000000E+02; 0.11745212E+04
 0.14500000E+02; 0.12408798E+04
 0.15000000E+02; 0.12724197E+04
 0.15500000E+02; 0.13034684E+04
 0.16000000E+02; 0.12954976E+04
 0.16500000E+02; 0.13317739E+04
 0.17000000E+02; 0.13593976E+04
 0.17500000E+02; 0.14033982E+04
 0.18000000E+02; 0.14645580E+04
 0.18500000E+02; 0.16669027E+04
 0.19000000E+02; 0.18758776E+04
 0.19500000E+02; 0.21729277E+04
 0.20000000E+02; 0.26237173E+04
 0.20500000E+02; 0.32131692E+04
 0.21000000E+02; 0.37976123E+04
 0.21500000E+02; 0.45454385E+04
 0.22000000E+02; 0.53444849E+04
 0.22500000E+02; 0.62078232E+04
 0.23000000E+02; 0.71407114E+04
 0.23500000E+02; 0.80390342E+04
 0.24000000E+02; 0.89943438E+04
 0.24500000E+02; 0.10035130E+05
 0.25000000E+02; 0.10993456E+05
 0.25500000E+02; 0.11860249E+05
 0.26000000E+02; 0.12841437E+05
 0.26500000E+02; 0.13666050E+05
 0.27000000E+02; 0.14508599E+05
 0.27500000E+02; 0.15360362E+05
 0.28000000E+02; 0.16313044E+05
 0.28500000E+02; 0.17091314E+05
 0.29000000E+02; 0.17952656E+05
 0.29500000E+02; 0.18825770E+05
 0.30000000E+02; 0.19701348E+05
 0.30500000E+02; 0.20413770E+05
 0.31000000E+02; 0.21356383E+05
 0.31500000E+02; 0.21896338E+05
 0.32000000E+02; 0.22621289E+05
 0.32500000E+02; 0.23288139E+05
 0.33000000E+02; 0.23826504E+05
 0.33500000E+02; 0.24170434E+05
 0.34000000E+02; 0.24730105E+05
 0.34500000E+02; 0.25080654E+05
 0.35000000E+02; 0.25629002E+05
 0.35500000E+02; 0.25795943E+05
 0.36000000E+02; 0.26379105E+05
 0.36500000E+02; 0.26763850E+05
 0.37000000E+02; 0.27188859E+05
 0.37500000E+02; 0.27383137E+05
 0.38000000E+02; 0.27908174E+05
 0.38500000E+02; 0.28361818E+05
 0.39000000E+02; 0.28744936E+05
 0.39500000E+02; 0.29211076E+05
 0.40000000E+02; 0.29648975E+05
 0.40500000E+02; 0.30409385E+05
 0.41000000E+02; 0.30963555E+05
 0.41500000E+02; 0.31679625E+05
 0.42000000E+02; 0.32439119E+05
 0.42500000E+02; 0.33217367E+05
 0.43000000E+02; 0.33902234E+05
 0.43500000E+02; 0.34627887E+05
 0.44000000E+02; 0.35473227E+05
 0.44500000E+02; 0.36144387E+05
 0.45000000E+02; 0.36817664E+05
 0.45500000E+02; 0.37496516E+05
 0.46000000E+02; 0.37630379E+05
 0.46500000E+02; 0.38301930E+05
 0.47000000E+02; 0.38674539E+05
 0.47500000E+02; 0.38764934E+05
 0.48000000E+02; 0.38791004E+05
 0.48500000E+02; 0.38619926E+05
 0.49000000E+02; 0.38547582E+05
 0.49500000E+02; 0.38052348E+05
 0.50000000E+02; 0.37761645E+05
 0.50500000E+02; 0.37093645E+05
 0.51000000E+02; 0.36393609E+05
 0.51500000E+02; 0.35457273E+05
 0.52000000E+02; 0.34892965E+05
 0.52500000E+02; 0.34308266E+05
 0.53000000E+02; 0.33808250E+05
 0.53500000E+02; 0.33480312E+05
 0.54000000E+02; 0.33238656E+05
 0.54500000E+02; 0.33169441E+05
 0.55000000E+02; 0.33287293E+05
 0.55500000E+02; 0.33210918E+05
 0.56000000E+02; 0.33035609E+05
 0.56500000E+02; 0.33332801E+05
 0.57000000E+02; 0.33598703E+05
 0.57500000E+02; 0.33770918E+05
 0.58000000E+02; 0.33706379E+05
 0.58500000E+02; 0.33851047E+05
 0.59000000E+02; 0.34281418E+05
 0.59500000E+02; 0.34687645E+05
 0.60000000E+02; 0.34881480E+05
 0.60500000E+02; 0.35392102E+05
 0.61000000E+02; 0.35656914E+05
 0.61500000E+02; 0.36131219E+05
 0.62000000E+02; 0.36619016E+05
 0.62500000E+02; 0.37184285E+05
 0.63000000E+02; 0.37823238E+05
 0.63500000E+02; 0.38540969E+05
 0.64000000E+02; 0.39077312E+05
 0.64500000E+02; 0.39666320E+05
 0.65000000E+02; 0.40654305E+05
 0.65500000E+02; 0.41437484E+05
 0.66000000E+02; 0.42187406E+05
 0.66500000E+02; 0.43012465E+05
 0.67000000E+02; 0.44013883E+05
 0.67500000E+02; 0.44879863E+05
 0.68000000E+02; 0.45752586E+05
 0.68500000E+02; 0.46880191E+05
 0.69000000E+02; 0.47897527E+05
 0.69500000E+02; 0.48774805E+05
 0.70000000E+02; 0.49913699E+05
 0.70500000E+02; 0.50720480E+05
 0.71000000E+02; 0.51755055E+05
 0.71500000E+02; 0.52446098E+05
 0.72000000E+02; 0.52980609E+05
 0.72500000E+02; 0.53468418E+05
 0.73000000E+02; 0.53854742E+05
 0.73500000E+02; 0.54454594E+05
 0.74000000E+02; 0.54391207E+05
 0.74500000E+02; 0.54746355E+05
 0.75000000E+02; 0.54858859E+05
 0.75500000E+02; 0.54690023E+05
 0.76000000E+02; 0.55038688E+05
 0.76500000E+02; 0.55013766E+05
 0.77000000E+02; 0.55180965E+05
 0.77500000E+02; 0.55249922E+05
 0.78000000E+02; 0.55122664E+05
 0.78500000E+02; 0.55156223E+05
 0.79000000E+02; 0.55057105E+05
 0.79500000E+02; 0.55278660E+05
 0.80000000E+02; 0.55414723E+05
 0.80500000E+02; 0.55324094E+05
 0.81000000E+02; 0.55289445E+05
 0.81500000E+02; 0.55296391E+05
 0.82000000E+02; 0.55685445E+05
 0.82500000E+02; 0.55450160E+05
 0.83000000E+02; 0.55612398E+05
 0.83500000E+02; 0.55443645E+05
 0.84000000E+02; 0.55584906E+05
 0.84500000E+02; 0.55628543E+05
 0.85000000E+02; 0.55999379E+05
 0.85500000E+02; 0.56001793E+05
 0.86000000E+02; 0.56280332E+05
 0.86500000E+02; 0.56443062E+05
 0.87000000E+02; 0.56616066E+05
 0.87500000E+02; 0.56612570E+05
 0.88000000E+02; 0.56857688E+05
 0.88500000E+02; 0.57167523E+05
 0.89000000E+02; 0.57210512E+05
 0.89500000E+02; 0.57484086E+05
 0.90000000E+02; 0.57761105E+05
 0.90500000E+02; 0.57675898E+05
 0.91000000E+02; 0.57750668E+05
 0.91500000E+02; 0.58004496E+05
 0.92000000E+02; 0.58015520E+05
 0.92500000E+02; 0.57845582E+05
 0.93000000E+02; 0.57737078E+05
 0.93500000E+02; 0.57326906E+05
 0.94000000E+02; 0.57467469E+05
 0.94500000E+02; 0.56861121E+05
 0.95000000E+02; 0.56639250E+05
 0.95500000E+02; 0.56385328E+05
 0.96000000E+02; 0.55901242E+05
 0.96500000E+02; 0.55526805E+05
 0.97000000E+02; 0.55098395E+05
 0.97500000E+02; 0.54485324E+05
 0.98000000E+02; 0.54043203E+05
 0.98500000E+02; 0.53536258E+05
 0.99000000E+02; 0.53074336E+05
 0.99500000E+02; 0.52640781E+05
 0.10000000E+03; 0.52073789E+05
 0.10050000E+03; 0.51553445E+05
 0.10100000E+03; 0.51179188E+05
 0.10150000E+03; 0.50751031E+05
 0.10200000E+03; 0.50362641E+05
 0.10250000E+03; 0.49971406E+05
 0.10300000E+03; 0.49419824E+05
 0.10350000E+03; 0.49237699E+05
 0.10400000E+03; 0.48773453E+05
 0.10450000E+03; 0.48090211E+05
 0.10500000E+03; 0.47791570E+05
 0.10550000E+03; 0.47589113E+05
 0.10600000E+03; 0.47075883E+05
 0.10650000E+03; 0.46885609E+05
 0.10700000E+03; 0.46656375E+05
 0.10750000E+03; 0.45938602E+05
 0.10800000E+03; 0.45842852E+05
 0.10850000E+03; 0.45475852E+05
 0.10900000E+03; 0.44955195E+05
 0.10950000E+03; 0.44747254E+05
 0.11000000E+03; 0.44427148E+05
 0.11050000E+03; 0.44112941E+05
 0.11100000E+03; 0.43937055E+05
 0.11150000E+03; 0.43751402E+05
 0.11200000E+03; 0.43409465E+05
 0.11250000E+03; 0.43200855E+05
 0.11300000E+03; 0.42676949E+05
 0.11350000E+03; 0.42582469E+05
 0.11400000E+03; 0.42287402E+05
 0.11450000E+03; 0.41891008E+05
 0.11500000E+03; 0.41737930E+05
 0.11550000E+03; 0.41261848E+05
 0.11600000E+03; 0.41212578E+05
 0.11650000E+03; 0.40891770E+05
 0.11700000E+03; 0.40367730E+05
 0.11750000E+03; 0.40303141E+05
 0.11800000E+03; 0.39887023E+05
 0.11850000E+03; 0.39992234E+05
 0.11900000E+03; 0.39630246E+05
 0.11950000E+03; 0.39383277E+05
 0.12000000E+03; 0.39062781E+05
 0.12050000E+03; 0.38775809E+05
 0.12100000E+03; 0.38643230E+05
 0.12150000E+03; 0.38346418E+05
 0.12200000E+03; 0.38085883E+05
 0.12250000E+03; 0.37895602E+05
 0.12300000E+03; 0.37855641E+05
 0.12350000E+03; 0.37549391E+05
 0.12400000E+03; 0.37403391E+05
 0.12450000E+03; 0.37036199E+05
 0.12500000E+03; 0.36889543E+05
 0.12550000E+03; 0.36814617E+05
 0.12600000E+03; 0.36713410E+05
 0.12650000E+03; 0.36843457E+05
 0.12700000E+03; 0.36496613E+05
 0.12750000E+03; 0.36653008E+05
 0.12800000E+03; 0.36381395E+05
 0.12850000E+03; 0.36534027E+05
 0.12900000E+03; 0.36466930E+05
 0.12950000E+03; 0.36649875E+05
 0.13000000E+03; 0.36834594E+05
 0.13050000E+03; 0.37003402E+05
 0.13100000E+03; 0.37555832E+05
 0.13150000E+03; 0.37832441E+05
 0.13200000E+03; 0.38421629E+05
 0.13250000E+03; 0.38885105E+05
 0.13300000E+03; 0.39691457E+05
 0.13350000E+03; 0.40598004E+05
 0.13400000E+03; 0.41617840E+05
 0.13450000E+03; 0.42640809E+05
 0.13500000E+03; 0.43706625E+05
 0.13550000E+03; 0.44881055E+05
 0.13600000E+03; 0.45953082E+05
 0.13650000E+03; 0.46910531E+05
 0.13700000E+03; 0.47551750E+05
 0.13750000E+03; 0.48391926E+05
 0.13800000E+03; 0.48567406E+05
 0.13850000E+03; 0.48494594E+05
 0.13900000E+03; 0.48143023E+05
 0.13950000E+03; 0.47014656E+05
 0.14000000E+03; 0.45769160E+05
 0.14050000E+03; 0.44089824E+05
 0.14100000E+03; 0.42016758E+05
 0.14150000E+03; 0.39395453E+05
 0.14200000E+03; 0.36699785E+05
 0.14250000E+03; 0.33465133E+05
 0.14300000E+03; 0.30408996E+05
 0.14350000E+03; 0.27169729E+05
 0.14400000E+03; 0.23781768E+05
 0.14450000E+03; 0.20776801E+05
 0.14500000E+03; 0.17808715E+05
 0.14550000E+03; 0.15048371E+05
 0.14600000E+03; 0.12557653E+05
 0.14650000E+03; 0.10238900E+05
 0.14700000E+03; 0.82758945E+04
 0.14750000E+03; 0.66049434E+04
 0.14800000E+03; 0.51816597E+04
 0.14850000E+03; 0.39875500E+04
 0.14900000E+03; 0.30086821E+04
 0.14950000E+03; 0.22654087E+04
 0.15000000E+03; 0.16802037E+04
 0.15050000E+03; 0.12520155E+04
 0.15100000E+03; 0.87585205E+03
 0.15150000E+03; 0.62639868E+03
 0.15200000E+03; 0.45438858E+03
 0.15250000E+03; 0.29356412E+03
 0.15300000E+03; 0.20119530E+03
 0.15350000E+03; 0.13681927E+03
 0.15400000E+03; 0.84137642E+02
 0.15450000E+03; 0.57573139E+02
 0.15500000E+03; 0.35942478E+02
 0.15550000E+03; 0.23210009E+02
 0.15600000E+03; 0.12542506E+02
 0.15650000E+03; 0.69592652E+01
 0.15700000E+03; 0.54118447E+01
 0.15750000E+03; 0.19505411E+01
 0.15800000E+03; 0.30344117E+01
 0.15850000E+03; 0.66389108E+00
 0.15900000E+03; 0.15291786E+00
 0.15950000E+03; 0.25428215E+00
 0.16000000E+03; 0.00000000E+00
 0.16050000E+03; 0.97106993E-01
 0.16100000E+03; 0.58834411E-01
 0.16150000E+03; 0.00000000E+00
 0.16200000E+03; 0.00000000E+00
 0.16250000E+03; 0.00000000E+00
 0.16300000E+03; 0.00000000E+00
 0.16350000E+03; 0.00000000E+00
 0.16400000E+03; 0.00000000E+00
 0.16450000E+03; 0.00000000E+00
 0.16500000E+03; 0.00000000E+00
 0.16550000E+03; 0.00000000E+00
 0.16600000E+03; 0.00000000E+00
 0.16650000E+03; 0.00000000E+00
 0.16700000E+03; 0.00000000E+00
 0.16750000E+03; 0.00000000E+00
 0.16800000E+03; 0.00000000E+00
 0.16850000E+03; 0.00000000E+00
 0.16900000E+03; 0.00000000E+00
 0.16950000E+03; 0.00000000E+00
 0.17000000E+03; 0.00000000E+00
 0.17050000E+03; 0.00000000E+00
 0.17100000E+03; 0.00000000E+00
 0.17150000E+03; 0.00000000E+00
 0.17200000E+03; 0.00000000E+00
 0.17250000E+03; 0.00000000E+00
 0.17300000E+03; 0.00000000E+00
 0.17350000E+03; 0.00000000E+00
 0.17400000E+03; 0.00000000E+00
 0.17450000E+03; 0.00000000E+00
 0.17500000E+03; 0.00000000E+00
 0.17550000E+03; 0.00000000E+00
 0.17600000E+03; 0.00000000E+00
 0.17650000E+03; 0.00000000E+00
 0.17700000E+03; 0.00000000E+00
 0.17750000E+03; 0.00000000E+00
 0.17800000E+03; 0.00000000E+00
 0.17850000E+03; 0.00000000E+00
 0.17900000E+03; 0.00000000E+00
 0.17950000E+03; 0.00000000E+00
 0.18000000E+03; 0.00000000E+00
 0.18050000E+03; 0.00000000E+00
 0.18100000E+03; 0.00000000E+00
 0.18150000E+03; 0.00000000E+00
 0.18200000E+03; 0.00000000E+00
 0.18250000E+03; 0.00000000E+00
 0.18300000E+03; 0.00000000E+00
 0.18350000E+03; 0.00000000E+00
 0.18400000E+03; 0.00000000E+00
 0.18450000E+03; 0.00000000E+00
 0.18500000E+03; 0.00000000E+00
 0.18550000E+03; 0.00000000E+00
 0.18600000E+03; 0.00000000E+00
 0.18650000E+03; 0.00000000E+00
 0.18700000E+03; 0.00000000E+00
 0.18750000E+03; 0.00000000E+00
 0.18800000E+03; 0.00000000E+00
 0.18850000E+03; 0.00000000E+00
 0.18900000E+03; 0.00000000E+00
 0.18950000E+03; 0.00000000E+00
 0.19000000E+03; 0.00000000E+00
 0.19050000E+03; 0.00000000E+00
 0.19100000E+03; 0.00000000E+00
 0.19150000E+03; 0.00000000E+00
 0.19200000E+03; 0.00000000E+00
 0.19250000E+03; 0.00000000E+00
 0.19300000E+03; 0.00000000E+00
 0.19350000E+03; 0.00000000E+00
 0.19400000E+03; 0.00000000E+00
 0.19450000E+03; 0.00000000E+00
 0.19500000E+03; 0.00000000E+00
 0.19550000E+03; 0.00000000E+00
 0.19600000E+03; 0.00000000E+00
 0.19650000E+03; 0.00000000E+00
 0.19700000E+03; 0.00000000E+00
 0.19750000E+03; 0.00000000E+00
 0.19800000E+03; 0.00000000E+00
 0.19850000E+03; 0.00000000E+00
 0.19900000E+03; 0.00000000E+00
 0.19950000E+03; 0.00000000E+00
 0.20000000E+03; 0.00000000E+00
 0.20050000E+03; 0.00000000E+00
 0.20100000E+03; 0.00000000E+00
 0.20150000E+03; 0.00000000E+00
 0.20200000E+03; 0.00000000E+00
 0.20250000E+03; 0.00000000E+00
 0.20300000E+03; 0.00000000E+00
 0.20350000E+03; 0.00000000E+00
 0.20400000E+03; 0.00000000E+00
 0.20450000E+03; 0.00000000E+00
 0.20500000E+03; 0.00000000E+00
 0.20550000E+03; 0.00000000E+00
 0.20600000E+03; 0.00000000E+00
 0.20650000E+03; 0.00000000E+00
 0.20700000E+03; 0.00000000E+00
 0.20750000E+03; 0.00000000E+00
 0.20800000E+03; 0.00000000E+00
 0.20850000E+03; 0.00000000E+00
 0.20900000E+03; 0.00000000E+00
 0.20950000E+03; 0.00000000E+00
 0.21000000E+03; 0.00000000E+00
 0.21050000E+03; 0.00000000E+00
 0.21100000E+03; 0.00000000E+00
 0.21150000E+03; 0.00000000E+00
 0.21200000E+03; 0.00000000E+00
 0.21250000E+03; 0.00000000E+00
 0.21300000E+03; 0.00000000E+00
 0.21350000E+03; 0.00000000E+00
 0.21400000E+03; 0.00000000E+00
 0.21450000E+03; 0.00000000E+00
 0.21500000E+03; 0.00000000E+00
 0.21550000E+03; 0.00000000E+00
 0.21600000E+03; 0.00000000E+00
 0.21650000E+03; 0.00000000E+00
 0.21700000E+03; 0.00000000E+00
 0.21750000E+03; 0.00000000E+00
 0.21800000E+03; 0.00000000E+00
 0.21850000E+03; 0.00000000E+00
 0.21900000E+03; 0.00000000E+00
 0.21950000E+03; 0.00000000E+00
 0.22000000E+03; 0.00000000E+00
 0.22050000E+03; 0.00000000E+00
 0.22100000E+03; 0.00000000E+00
 0.22150000E+03; 0.00000000E+00
 0.22200000E+03; 0.00000000E+00
 0.22250000E+03; 0.00000000E+00
 0.22300000E+03; 0.00000000E+00
 0.22350000E+03; 0.00000000E+00
 0.22400000E+03; 0.00000000E+00
 0.22450000E+03; 0.00000000E+00
 0.22500000E+03; 0.00000000E+00
 0.22550000E+03; 0.00000000E+00
 0.22600000E+03; 0.00000000E+00
 0.22650000E+03; 0.00000000E+00
 0.22700000E+03; 0.00000000E+00
 0.22750000E+03; 0.00000000E+00
 0.22800000E+03; 0.00000000E+00
 0.22850000E+03; 0.00000000E+00
 0.22900000E+03; 0.00000000E+00
 0.22950000E+03; 0.00000000E+00
 0.23000000E+03; 0.00000000E+00
 0.23050000E+03; 0.00000000E+00
 0.23100000E+03; 0.00000000E+00
 0.23150000E+03; 0.00000000E+00
 0.23200000E+03; 0.00000000E+00
 0.23250000E+03; 0.00000000E+00
 0.23300000E+03; 0.00000000E+00
 0.23350000E+03; 0.00000000E+00
 0.23400000E+03; 0.00000000E+00
 0.23450000E+03; 0.00000000E+00
 0.23500000E+03; 0.00000000E+00
 0.23550000E+03; 0.00000000E+00
 0.23600000E+03; 0.00000000E+00
 0.23650000E+03; 0.00000000E+00
 0.23700000E+03; 0.00000000E+00
 0.23750000E+03; 0.00000000E+00
 0.23800000E+03; 0.00000000E+00
 0.23850000E+03; 0.00000000E+00
 0.23900000E+03; 0.00000000E+00
 0.23950000E+03; 0.00000000E+00
 0.24000000E+03; 0.00000000E+00
 0.24050000E+03; 0.00000000E+00
 0.24100000E+03; 0.00000000E+00
 0.24150000E+03; 0.00000000E+00
 0.24200000E+03; 0.00000000E+00
 0.24250000E+03; 0.00000000E+00
 0.24300000E+03; 0.00000000E+00
 0.24350000E+03; 0.00000000E+00
 0.24400000E+03; 0.00000000E+00
 0.24450000E+03; 0.00000000E+00
 0.24500000E+03; 0.00000000E+00
 0.24550000E+03; 0.00000000E+00
 0.24600000E+03; 0.00000000E+00
 0.24650000E+03; 0.00000000E+00
 0.24700000E+03; 0.00000000E+00
 0.24750000E+03; 0.00000000E+00
 0.24800000E+03; 0.00000000E+00
 0.24850000E+03; 0.00000000E+00
 0.24900000E+03; 0.00000000E+00
 0.24950000E+03; 0.00000000E+00
 0.25000000E+03; 0.00000000E+00
 0.25050000E+03; 0.00000000E+00
 0.25100000E+03; 0.00000000E+00
 0.25150000E+03; 0.00000000E+00
 0.25200000E+03; 0.00000000E+00
 0.25250000E+03; 0.00000000E+00
 0.25300000E+03; 0.00000000E+00
 0.25350000E+03; 0.00000000E+00
 0.25400000E+03; 0.00000000E+00
 0.25450000E+03; 0.00000000E+00
 0.25500000E+03; 0.00000000E+00
 0.25550000E+03; 0.00000000E+00
 0.25600000E+03; 0.00000000E+00
