 0.50000000E+00; 0.15739406E+04
 0.10000000E+01; 0.18194854E+04
 0.15000000E+01; 0.19076848E+04
 0.20000000E+01; 0.19152804E+04
 0.25000000E+01; 0.18835658E+04
 0.30000000E+01; 0.17897788E+04
 0.35000000E+01; 0.16922850E+04
 0.40000000E+01; 0.15768043E+04
 0.45000000E+01; 0.14464413E+04
 0.50000000E+01; 0.13601620E+04
 0.55000000E+01; 0.13076558E+04
 0.60000000E+01; 0.12616497E+04
 0.65000000E+01; 0.11723121E+04
 0.70000000E+01; 0.11522223E+04
 0.75000000E+01; 0.10934459E+04
 0.80000000E+01; 0.10588867E+04
 0.85000000E+01; 0.10422942E+04
 0.90000000E+01; 0.10235558E+04
 0.95000000E+01; 0.98602679E+03
 0.10000000E+02; 0.10022675E+04
 0.10500000E+02; 0.10351805E+04
 0.11000000E+02; 0.10428904E+04
 0.11500000E+02; 0.10697067E+04
 0.12000000E+02; 0.10984913E+04
 0.12500000E+02; 0.11743799E+04
 0.13000000E+02; 0.12074596E+04
 0.13500000E+02; 0.12649536E+04
 0.14000000E+02; 0.13406451E+04
 0.14500000E+02; 0.13745873E+04
 0.15000000E+02; 0.14208292E+04
 0.15500000E+02; 0.14701472E+04
 0.16000000E+02; 0.14537693E+04
 0.16500000E+02; 0.14329890E+04
 0.17000000E+02; 0.14689254E+04
 0.17500000E+02; 0.15164349E+04
 0.18000000E+02; 0.16029708E+04
 0.18500000E+02; 0.18058370E+04
 0.19000000E+02; 0.20269614E+04
 0.19500000E+02; 0.23281509E+04
 0.20000000E+02; 0.27727483E+04
 0.20500000E+02; 0.33815774E+04
 0.21000000E+02; 0.39812668E+04
 0.21500000E+02; 0.47388125E+04
 0.22000000E+02; 0.55451621E+04
 0.22500000E+02; 0.64464653E+04
 0.23000000E+02; 0.73107842E+04
 0.23500000E+02; 0.84045166E+04
 0.24000000E+02; 0.92925723E+04
 0.24500000E+02; 0.10400224E+05
 0.25000000E+02; 0.11351851E+05
 0.25500000E+02; 0.12315768E+05
 0.26000000E+02; 0.13151217E+05
 0.26500000E+02; 0.14083120E+05
 0.27000000E+02; 0.15028937E+05
 0.27500000E+02; 0.15865842E+05
 0.28000000E+02; 0.16728820E+05
 0.28500000E+02; 0.17655375E+05
 0.29000000E+02; 0.18755709E+05
 0.29500000E+02; 0.19538035E+05
 0.30000000E+02; 0.20536230E+05
 0.30500000E+02; 0.21401818E+05
 0.31000000E+02; 0.22316785E+05
 0.31500000E+02; 0.23128605E+05
 0.32000000E+02; 0.23858406E+05
 0.32500000E+02; 0.24526236E+05
 0.33000000E+02; 0.25171006E+05
 0.33500000E+02; 0.25655307E+05
 0.34000000E+02; 0.26268025E+05
 0.34500000E+02; 0.26616578E+05
 0.35000000E+02; 0.26962338E+05
 0.35500000E+02; 0.27245541E+05
 0.36000000E+02; 0.27836697E+05
 0.36500000E+02; 0.28281395E+05
 0.37000000E+02; 0.28649902E+05
 0.37500000E+02; 0.29106178E+05
 0.38000000E+02; 0.29537072E+05
 0.38500000E+02; 0.30027611E+05
 0.39000000E+02; 0.30591617E+05
 0.39500000E+02; 0.31084582E+05
 0.40000000E+02; 0.31838643E+05
 0.40500000E+02; 0.32499910E+05
 0.41000000E+02; 0.33214434E+05
 0.41500000E+02; 0.34076523E+05
 0.42000000E+02; 0.34985316E+05
 0.42500000E+02; 0.36046984E+05
 0.43000000E+02; 0.36968844E+05
 0.43500000E+02; 0.37953988E+05
 0.44000000E+02; 0.38984625E+05
 0.44500000E+02; 0.39813277E+05
 0.45000000E+02; 0.40783508E+05
 0.45500000E+02; 0.41460980E+05
 0.46000000E+02; 0.42108449E+05
 0.46500000E+02; 0.42557996E+05
 0.47000000E+02; 0.42966449E+05
 0.47500000E+02; 0.43283094E+05
 0.48000000E+02; 0.43360695E+05
 0.48500000E+02; 0.43246430E+05
 0.49000000E+02; 0.42804688E+05
 0.49500000E+02; 0.42481594E+05
 0.50000000E+02; 0.42021609E+05
 0.50500000E+02; 0.41173051E+05
 0.51000000E+02; 0.40375539E+05
 0.51500000E+02; 0.39518582E+05
 0.52000000E+02; 0.38364422E+05
 0.52500000E+02; 0.37537383E+05
 0.53000000E+02; 0.37046102E+05
 0.53500000E+02; 0.36555461E+05
 0.54000000E+02; 0.36148828E+05
 0.54500000E+02; 0.35959562E+05
 0.55000000E+02; 0.35940230E+05
 0.55500000E+02; 0.35829352E+05
 0.56000000E+02; 0.35998961E+05
 0.56500000E+02; 0.35956402E+05
 0.57000000E+02; 0.35954445E+05
 0.57500000E+02; 0.36099418E+05
 0.58000000E+02; 0.36133961E+05
 0.58500000E+02; 0.36331949E+05
 0.59000000E+02; 0.36471008E+05
 0.59500000E+02; 0.36740871E+05
 0.60000000E+02; 0.37033492E+05
 0.60500000E+02; 0.37340039E+05
 0.61000000E+02; 0.37906898E+05
 0.61500000E+02; 0.38077789E+05
 0.62000000E+02; 0.38725598E+05
 0.62500000E+02; 0.39229770E+05
 0.63000000E+02; 0.39902867E+05
 0.63500000E+02; 0.40614953E+05
 0.64000000E+02; 0.41271184E+05
 0.64500000E+02; 0.42188730E+05
 0.65000000E+02; 0.42706539E+05
 0.65500000E+02; 0.43464289E+05
 0.66000000E+02; 0.44466215E+05
 0.66500000E+02; 0.45468215E+05
 0.67000000E+02; 0.46392066E+05
 0.67500000E+02; 0.47511070E+05
 0.68000000E+02; 0.48490000E+05
 0.68500000E+02; 0.49822832E+05
 0.69000000E+02; 0.51145320E+05
 0.69500000E+02; 0.52113988E+05
 0.70000000E+02; 0.53308648E+05
 0.70500000E+02; 0.54388008E+05
 0.71000000E+02; 0.55519457E+05
 0.71500000E+02; 0.56286371E+05
 0.72000000E+02; 0.57047309E+05
 0.72500000E+02; 0.57903250E+05
 0.73000000E+02; 0.57935863E+05
 0.73500000E+02; 0.58460734E+05
 0.74000000E+02; 0.58647891E+05
 0.74500000E+02; 0.58918551E+05
 0.75000000E+02; 0.58743594E+05
 0.75500000E+02; 0.59079938E+05
 0.76000000E+02; 0.58767262E+05
 0.76500000E+02; 0.59290281E+05
 0.77000000E+02; 0.59376566E+05
 0.77500000E+02; 0.59545496E+05
 0.78000000E+02; 0.59085844E+05
 0.78500000E+02; 0.59609391E+05
 0.79000000E+02; 0.59344445E+05
 0.79500000E+02; 0.59448953E+05
 0.80000000E+02; 0.59472980E+05
 0.80500000E+02; 0.59386582E+05
 0.81000000E+02; 0.59520820E+05
 0.81500000E+02; 0.59751180E+05
 0.82000000E+02; 0.59755867E+05
 0.82500000E+02; 0.59787117E+05
 0.83000000E+02; 0.59801578E+05
 0.83500000E+02; 0.60084406E+05
 0.84000000E+02; 0.60168402E+05
 0.84500000E+02; 0.60262188E+05
 0.85000000E+02; 0.60366188E+05
 0.85500000E+02; 0.60489582E+05
 0.86000000E+02; 0.60572266E+05
 0.86500000E+02; 0.60980855E+05
 0.87000000E+02; 0.60906859E+05
 0.87500000E+02; 0.61069832E+05
 0.88000000E+02; 0.61549273E+05
 0.88500000E+02; 0.61878750E+05
 0.89000000E+02; 0.62250746E+05
 0.89500000E+02; 0.62297355E+05
 0.90000000E+02; 0.62627461E+05
 0.90500000E+02; 0.63020035E+05
 0.91000000E+02; 0.63114695E+05
 0.91500000E+02; 0.63168648E+05
 0.92000000E+02; 0.63442516E+05
 0.92500000E+02; 0.63265805E+05
 0.93000000E+02; 0.63270852E+05
 0.93500000E+02; 0.63051801E+05
 0.94000000E+02; 0.62813938E+05
 0.94500000E+02; 0.62397656E+05
 0.95000000E+02; 0.62138277E+05
 0.95500000E+02; 0.61709434E+05
 0.96000000E+02; 0.61237883E+05
 0.96500000E+02; 0.60686598E+05
 0.97000000E+02; 0.60485902E+05
 0.97500000E+02; 0.59649113E+05
 0.98000000E+02; 0.59205887E+05
 0.98500000E+02; 0.58472188E+05
 0.99000000E+02; 0.58191523E+05
 0.99500000E+02; 0.57521422E+05
 0.10000000E+03; 0.57128168E+05
 0.10050000E+03; 0.56488203E+05
 0.10100000E+03; 0.56029719E+05
 0.10150000E+03; 0.55341836E+05
 0.10200000E+03; 0.55092328E+05
 0.10250000E+03; 0.54356824E+05
 0.10300000E+03; 0.53909684E+05
 0.10350000E+03; 0.53476355E+05
 0.10400000E+03; 0.53062297E+05
 0.10450000E+03; 0.52625238E+05
 0.10500000E+03; 0.52383551E+05
 0.10550000E+03; 0.51979227E+05
 0.10600000E+03; 0.51519246E+05
 0.10650000E+03; 0.51112469E+05
 0.10700000E+03; 0.50883742E+05
 0.10750000E+03; 0.50529086E+05
 0.10800000E+03; 0.50192973E+05
 0.10850000E+03; 0.49539559E+05
 0.10900000E+03; 0.49627371E+05
 0.10950000E+03; 0.49168797E+05
 0.11000000E+03; 0.48779496E+05
 0.11050000E+03; 0.48415465E+05
 0.11100000E+03; 0.48166438E+05
 0.11150000E+03; 0.47931613E+05
 0.11200000E+03; 0.47563016E+05
 0.11250000E+03; 0.47247180E+05
 0.11300000E+03; 0.47057844E+05
 0.11350000E+03; 0.46648848E+05
 0.11400000E+03; 0.46669121E+05
 0.11450000E+03; 0.46373023E+05
 0.11500000E+03; 0.46056754E+05
 0.11550000E+03; 0.45661488E+05
 0.11600000E+03; 0.45529582E+05
 0.11650000E+03; 0.45318117E+05
 0.11700000E+03; 0.44951969E+05
 0.11750000E+03; 0.44981797E+05
 0.11800000E+03; 0.44495488E+05
 0.11850000E+03; 0.44188266E+05
 0.11900000E+03; 0.44093734E+05
 0.11950000E+03; 0.43902551E+05
 0.12000000E+03; 0.43424555E+05
 0.12050000E+03; 0.43346359E+05
 0.12100000E+03; 0.43276488E+05
 0.12150000E+03; 0.43065586E+05
 0.12200000E+03; 0.42879023E+05
 0.12250000E+03; 0.42678156E+05
 0.12300000E+03; 0.42470621E+05
 0.12350000E+03; 0.42346430E+05
 0.12400000E+03; 0.42004074E+05
 0.12450000E+03; 0.42205590E+05
 0.12500000E+03; 0.41922402E+05
 0.12550000E+03; 0.41734793E+05
 0.12600000E+03; 0.41694332E+05
 0.12650000E+03; 0.41797555E+05
 0.12700000E+03; 0.41659734E+05
 0.12750000E+03; 0.41625543E+05
 0.12800000E+03; 0.41689688E+05
 0.12850000E+03; 0.41826512E+05
 0.12900000E+03; 0.41952195E+05
 0.12950000E+03; 0.42184199E+05
 0.13000000E+03; 0.42552656E+05
 0.13050000E+03; 0.42854457E+05
 0.13100000E+03; 0.43602246E+05
 0.13150000E+03; 0.44188461E+05
 0.13200000E+03; 0.44786273E+05
 0.13250000E+03; 0.45917453E+05
 0.13300000E+03; 0.47090629E+05
 0.13350000E+03; 0.48354832E+05
 0.13400000E+03; 0.49657008E+05
 0.13450000E+03; 0.51024266E+05
 0.13500000E+03; 0.52515934E+05
 0.13550000E+03; 0.54253836E+05
 0.13600000E+03; 0.55644621E+05
 0.13650000E+03; 0.57072031E+05
 0.13700000E+03; 0.58451668E+05
 0.13750000E+03; 0.59127188E+05
 0.13800000E+03; 0.59796715E+05
 0.13850000E+03; 0.59583352E+05
 0.13900000E+03; 0.59501973E+05
 0.13950000E+03; 0.58660727E+05
 0.14000000E+03; 0.57119789E+05
 0.14050000E+03; 0.54816062E+05
 0.14100000E+03; 0.52430684E+05
 0.14150000E+03; 0.49298062E+05
 0.14200000E+03; 0.45841031E+05
 0.14250000E+03; 0.42134289E+05
 0.14300000E+03; 0.38107859E+05
 0.14350000E+03; 0.33986457E+05
 0.14400000E+03; 0.29939570E+05
 0.14450000E+03; 0.26102568E+05
 0.14500000E+03; 0.22496029E+05
 0.14550000E+03; 0.18888746E+05
 0.14600000E+03; 0.15838597E+05
 0.14650000E+03; 0.13022912E+05
 0.14700000E+03; 0.10527672E+05
 0.14750000E+03; 0.82962451E+04
 0.14800000E+03; 0.65476875E+04
 0.14850000E+03; 0.50583818E+04
 0.14900000E+03; 0.38864744E+04
 0.14950000E+03; 0.29169880E+04
 0.15000000E+03; 0.21472314E+04
 0.15050000E+03; 0.15830963E+04
 0.15100000E+03; 0.10976348E+04
 0.15150000E+03; 0.78510193E+03
 0.15200000E+03; 0.54394202E+03
 0.15250000E+03; 0.39280692E+03
 0.15300000E+03; 0.24671376E+03
 0.15350000E+03; 0.16626317E+03
 0.15400000E+03; 0.11168178E+03
 0.15450000E+03; 0.65447342E+02
 0.15500000E+03; 0.43863258E+02
 0.15550000E+03; 0.29289396E+02
 0.15600000E+03; 0.19438978E+02
 0.15650000E+03; 0.11540353E+02
 0.15700000E+03; 0.70971704E+01
 0.15750000E+03; 0.50563645E+01
 0.15800000E+03; 0.17585294E+01
 0.15850000E+03; 0.13232599E+01
 0.15900000E+03; 0.92068863E+00
 0.15950000E+03; 0.38871226E+00
 0.16000000E+03; 0.39672598E+00
 0.16050000E+03; 0.12096564E+00
 0.16100000E+03; 0.12070222E+00
 0.16150000E+03; 0.24972533E+00
 0.16200000E+03; 0.00000000E+00
 0.16250000E+03; 0.00000000E+00
 0.16300000E+03; 0.00000000E+00
 0.16350000E+03; 0.00000000E+00
 0.16400000E+03; 0.00000000E+00
 0.16450000E+03; 0.00000000E+00
 0.16500000E+03; 0.00000000E+00
 0.16550000E+03; 0.00000000E+00
 0.16600000E+03; 0.00000000E+00
 0.16650000E+03; 0.00000000E+00
 0.16700000E+03; 0.00000000E+00
 0.16750000E+03; 0.00000000E+00
 0.16800000E+03; 0.00000000E+00
 0.16850000E+03; 0.00000000E+00
 0.16900000E+03; 0.00000000E+00
 0.16950000E+03; 0.00000000E+00
 0.17000000E+03; 0.00000000E+00
 0.17050000E+03; 0.00000000E+00
 0.17100000E+03; 0.00000000E+00
 0.17150000E+03; 0.00000000E+00
 0.17200000E+03; 0.00000000E+00
 0.17250000E+03; 0.00000000E+00
 0.17300000E+03; 0.00000000E+00
 0.17350000E+03; 0.00000000E+00
 0.17400000E+03; 0.00000000E+00
 0.17450000E+03; 0.00000000E+00
 0.17500000E+03; 0.00000000E+00
 0.17550000E+03; 0.00000000E+00
 0.17600000E+03; 0.00000000E+00
 0.17650000E+03; 0.00000000E+00
 0.17700000E+03; 0.00000000E+00
 0.17750000E+03; 0.00000000E+00
 0.17800000E+03; 0.00000000E+00
 0.17850000E+03; 0.00000000E+00
 0.17900000E+03; 0.00000000E+00
 0.17950000E+03; 0.00000000E+00
 0.18000000E+03; 0.00000000E+00
 0.18050000E+03; 0.00000000E+00
 0.18100000E+03; 0.00000000E+00
 0.18150000E+03; 0.00000000E+00
 0.18200000E+03; 0.00000000E+00
 0.18250000E+03; 0.00000000E+00
 0.18300000E+03; 0.00000000E+00
 0.18350000E+03; 0.00000000E+00
 0.18400000E+03; 0.00000000E+00
 0.18450000E+03; 0.00000000E+00
 0.18500000E+03; 0.00000000E+00
 0.18550000E+03; 0.00000000E+00
 0.18600000E+03; 0.00000000E+00
 0.18650000E+03; 0.00000000E+00
 0.18700000E+03; 0.00000000E+00
 0.18750000E+03; 0.00000000E+00
 0.18800000E+03; 0.00000000E+00
 0.18850000E+03; 0.00000000E+00
 0.18900000E+03; 0.00000000E+00
 0.18950000E+03; 0.00000000E+00
 0.19000000E+03; 0.00000000E+00
 0.19050000E+03; 0.00000000E+00
 0.19100000E+03; 0.00000000E+00
 0.19150000E+03; 0.00000000E+00
 0.19200000E+03; 0.00000000E+00
 0.19250000E+03; 0.00000000E+00
 0.19300000E+03; 0.00000000E+00
 0.19350000E+03; 0.00000000E+00
 0.19400000E+03; 0.00000000E+00
 0.19450000E+03; 0.00000000E+00
 0.19500000E+03; 0.00000000E+00
 0.19550000E+03; 0.00000000E+00
 0.19600000E+03; 0.00000000E+00
 0.19650000E+03; 0.00000000E+00
 0.19700000E+03; 0.00000000E+00
 0.19750000E+03; 0.00000000E+00
 0.19800000E+03; 0.00000000E+00
 0.19850000E+03; 0.00000000E+00
 0.19900000E+03; 0.00000000E+00
 0.19950000E+03; 0.00000000E+00
 0.20000000E+03; 0.00000000E+00
 0.20050000E+03; 0.00000000E+00
 0.20100000E+03; 0.00000000E+00
 0.20150000E+03; 0.00000000E+00
 0.20200000E+03; 0.00000000E+00
 0.20250000E+03; 0.00000000E+00
 0.20300000E+03; 0.00000000E+00
 0.20350000E+03; 0.00000000E+00
 0.20400000E+03; 0.00000000E+00
 0.20450000E+03; 0.00000000E+00
 0.20500000E+03; 0.00000000E+00
 0.20550000E+03; 0.00000000E+00
 0.20600000E+03; 0.00000000E+00
 0.20650000E+03; 0.00000000E+00
 0.20700000E+03; 0.00000000E+00
 0.20750000E+03; 0.00000000E+00
 0.20800000E+03; 0.00000000E+00
 0.20850000E+03; 0.00000000E+00
 0.20900000E+03; 0.00000000E+00
 0.20950000E+03; 0.00000000E+00
 0.21000000E+03; 0.00000000E+00
 0.21050000E+03; 0.00000000E+00
 0.21100000E+03; 0.00000000E+00
 0.21150000E+03; 0.00000000E+00
 0.21200000E+03; 0.00000000E+00
 0.21250000E+03; 0.00000000E+00
 0.21300000E+03; 0.00000000E+00
 0.21350000E+03; 0.00000000E+00
 0.21400000E+03; 0.00000000E+00
 0.21450000E+03; 0.00000000E+00
 0.21500000E+03; 0.00000000E+00
 0.21550000E+03; 0.00000000E+00
 0.21600000E+03; 0.00000000E+00
 0.21650000E+03; 0.00000000E+00
 0.21700000E+03; 0.00000000E+00
 0.21750000E+03; 0.00000000E+00
 0.21800000E+03; 0.00000000E+00
 0.21850000E+03; 0.00000000E+00
 0.21900000E+03; 0.00000000E+00
 0.21950000E+03; 0.00000000E+00
 0.22000000E+03; 0.00000000E+00
 0.22050000E+03; 0.00000000E+00
 0.22100000E+03; 0.00000000E+00
 0.22150000E+03; 0.00000000E+00
 0.22200000E+03; 0.00000000E+00
 0.22250000E+03; 0.00000000E+00
 0.22300000E+03; 0.00000000E+00
 0.22350000E+03; 0.00000000E+00
 0.22400000E+03; 0.00000000E+00
 0.22450000E+03; 0.00000000E+00
 0.22500000E+03; 0.00000000E+00
 0.22550000E+03; 0.00000000E+00
 0.22600000E+03; 0.00000000E+00
 0.22650000E+03; 0.00000000E+00
 0.22700000E+03; 0.00000000E+00
 0.22750000E+03; 0.00000000E+00
 0.22800000E+03; 0.00000000E+00
 0.22850000E+03; 0.00000000E+00
 0.22900000E+03; 0.00000000E+00
 0.22950000E+03; 0.00000000E+00
 0.23000000E+03; 0.00000000E+00
 0.23050000E+03; 0.00000000E+00
 0.23100000E+03; 0.00000000E+00
 0.23150000E+03; 0.00000000E+00
 0.23200000E+03; 0.00000000E+00
 0.23250000E+03; 0.00000000E+00
 0.23300000E+03; 0.00000000E+00
 0.23350000E+03; 0.00000000E+00
 0.23400000E+03; 0.00000000E+00
 0.23450000E+03; 0.00000000E+00
 0.23500000E+03; 0.00000000E+00
 0.23550000E+03; 0.00000000E+00
 0.23600000E+03; 0.00000000E+00
 0.23650000E+03; 0.00000000E+00
 0.23700000E+03; 0.00000000E+00
 0.23750000E+03; 0.00000000E+00
 0.23800000E+03; 0.00000000E+00
 0.23850000E+03; 0.00000000E+00
 0.23900000E+03; 0.00000000E+00
 0.23950000E+03; 0.00000000E+00
 0.24000000E+03; 0.00000000E+00
 0.24050000E+03; 0.00000000E+00
 0.24100000E+03; 0.00000000E+00
 0.24150000E+03; 0.00000000E+00
 0.24200000E+03; 0.00000000E+00
 0.24250000E+03; 0.00000000E+00
 0.24300000E+03; 0.00000000E+00
 0.24350000E+03; 0.00000000E+00
 0.24400000E+03; 0.00000000E+00
 0.24450000E+03; 0.00000000E+00
 0.24500000E+03; 0.00000000E+00
 0.24550000E+03; 0.00000000E+00
 0.24600000E+03; 0.00000000E+00
 0.24650000E+03; 0.00000000E+00
 0.24700000E+03; 0.00000000E+00
 0.24750000E+03; 0.00000000E+00
 0.24800000E+03; 0.00000000E+00
 0.24850000E+03; 0.00000000E+00
 0.24900000E+03; 0.00000000E+00
 0.24950000E+03; 0.00000000E+00
 0.25000000E+03; 0.00000000E+00
 0.25050000E+03; 0.00000000E+00
 0.25100000E+03; 0.00000000E+00
 0.25150000E+03; 0.00000000E+00
 0.25200000E+03; 0.00000000E+00
 0.25250000E+03; 0.00000000E+00
 0.25300000E+03; 0.00000000E+00
 0.25350000E+03; 0.00000000E+00
 0.25400000E+03; 0.00000000E+00
 0.25450000E+03; 0.00000000E+00
 0.25500000E+03; 0.00000000E+00
 0.25550000E+03; 0.00000000E+00
 0.25600000E+03; 0.00000000E+00
