 0.50000000E+00; 0.12832726E+04
 0.10000000E+01; 0.14779812E+04
 0.15000000E+01; 0.15651588E+04
 0.20000000E+01; 0.15744668E+04
 0.25000000E+01; 0.14801035E+04
 0.30000000E+01; 0.14475569E+04
 0.35000000E+01; 0.13691881E+04
 0.40000000E+01; 0.12831691E+04
 0.45000000E+01; 0.12024080E+04
 0.50000000E+01; 0.11246281E+04
 0.55000000E+01; 0.10754781E+04
 0.60000000E+01; 0.10373378E+04
 0.65000000E+01; 0.99397705E+03
 0.70000000E+01; 0.97312213E+03
 0.75000000E+01; 0.95577240E+03
 0.80000000E+01; 0.92521149E+03
 0.85000000E+01; 0.89969214E+03
 0.90000000E+01; 0.90291504E+03
 0.95000000E+01; 0.85501172E+03
 0.10000000E+02; 0.91183728E+03
 0.10500000E+02; 0.89479596E+03
 0.11000000E+02; 0.92966071E+03
 0.11500000E+02; 0.99892310E+03
 0.12000000E+02; 0.99774060E+03
 0.12500000E+02; 0.10632314E+04
 0.13000000E+02; 0.11090903E+04
 0.13500000E+02; 0.11622625E+04
 0.14000000E+02; 0.11841490E+04
 0.14500000E+02; 0.12089974E+04
 0.15000000E+02; 0.12748806E+04
 0.15500000E+02; 0.12623099E+04
 0.16000000E+02; 0.12823693E+04
 0.16500000E+02; 0.13136145E+04
 0.17000000E+02; 0.13489315E+04
 0.17500000E+02; 0.13723815E+04
 0.18000000E+02; 0.14944231E+04
 0.18500000E+02; 0.16590903E+04
 0.19000000E+02; 0.18890884E+04
 0.19500000E+02; 0.21896519E+04
 0.20000000E+02; 0.26068853E+04
 0.20500000E+02; 0.31358157E+04
 0.21000000E+02; 0.37546523E+04
 0.21500000E+02; 0.44450361E+04
 0.22000000E+02; 0.52835142E+04
 0.22500000E+02; 0.60979351E+04
 0.23000000E+02; 0.71011855E+04
 0.23500000E+02; 0.80545645E+04
 0.24000000E+02; 0.90486406E+04
 0.24500000E+02; 0.99704521E+04
 0.25000000E+02; 0.11000204E+05
 0.25500000E+02; 0.11822562E+05
 0.26000000E+02; 0.12613692E+05
 0.26500000E+02; 0.13572153E+05
 0.27000000E+02; 0.14476356E+05
 0.27500000E+02; 0.15367746E+05
 0.28000000E+02; 0.16161931E+05
 0.28500000E+02; 0.17009107E+05
 0.29000000E+02; 0.17878768E+05
 0.29500000E+02; 0.18718240E+05
 0.30000000E+02; 0.19531832E+05
 0.30500000E+02; 0.20420322E+05
 0.31000000E+02; 0.20950242E+05
 0.31500000E+02; 0.21802461E+05
 0.32000000E+02; 0.22362260E+05
 0.32500000E+02; 0.22957363E+05
 0.33000000E+02; 0.23588744E+05
 0.33500000E+02; 0.23958750E+05
 0.34000000E+02; 0.24629600E+05
 0.34500000E+02; 0.24868727E+05
 0.35000000E+02; 0.25377033E+05
 0.35500000E+02; 0.25718121E+05
 0.36000000E+02; 0.26122424E+05
 0.36500000E+02; 0.26453127E+05
 0.37000000E+02; 0.27073574E+05
 0.37500000E+02; 0.27316748E+05
 0.38000000E+02; 0.27842096E+05
 0.38500000E+02; 0.28169531E+05
 0.39000000E+02; 0.28496441E+05
 0.39500000E+02; 0.29082627E+05
 0.40000000E+02; 0.29533553E+05
 0.40500000E+02; 0.30123584E+05
 0.41000000E+02; 0.30822846E+05
 0.41500000E+02; 0.31538977E+05
 0.42000000E+02; 0.32166678E+05
 0.42500000E+02; 0.32963387E+05
 0.43000000E+02; 0.33705262E+05
 0.43500000E+02; 0.34559301E+05
 0.44000000E+02; 0.35087352E+05
 0.44500000E+02; 0.35785375E+05
 0.45000000E+02; 0.36420363E+05
 0.45500000E+02; 0.37046234E+05
 0.46000000E+02; 0.37489414E+05
 0.46500000E+02; 0.37638387E+05
 0.47000000E+02; 0.38168445E+05
 0.47500000E+02; 0.38198633E+05
 0.48000000E+02; 0.38255133E+05
 0.48500000E+02; 0.38141305E+05
 0.49000000E+02; 0.37997621E+05
 0.49500000E+02; 0.37333938E+05
 0.50000000E+02; 0.37180684E+05
 0.50500000E+02; 0.36648941E+05
 0.51000000E+02; 0.35839359E+05
 0.51500000E+02; 0.35189953E+05
 0.52000000E+02; 0.34483023E+05
 0.52500000E+02; 0.34012668E+05
 0.53000000E+02; 0.33457164E+05
 0.53500000E+02; 0.33031680E+05
 0.54000000E+02; 0.32963965E+05
 0.54500000E+02; 0.32942742E+05
 0.55000000E+02; 0.32855395E+05
 0.55500000E+02; 0.32920391E+05
 0.56000000E+02; 0.33157066E+05
 0.56500000E+02; 0.33035707E+05
 0.57000000E+02; 0.33184078E+05
 0.57500000E+02; 0.33494793E+05
 0.58000000E+02; 0.33557711E+05
 0.58500000E+02; 0.33864574E+05
 0.59000000E+02; 0.33934078E+05
 0.59500000E+02; 0.34328812E+05
 0.60000000E+02; 0.34575441E+05
 0.60500000E+02; 0.35024195E+05
 0.61000000E+02; 0.35543680E+05
 0.61500000E+02; 0.36094820E+05
 0.62000000E+02; 0.36339215E+05
 0.62500000E+02; 0.37089266E+05
 0.63000000E+02; 0.37677902E+05
 0.63500000E+02; 0.38283727E+05
 0.64000000E+02; 0.38937832E+05
 0.64500000E+02; 0.39742617E+05
 0.65000000E+02; 0.40462176E+05
 0.65500000E+02; 0.41020027E+05
 0.66000000E+02; 0.41823805E+05
 0.66500000E+02; 0.42896121E+05
 0.67000000E+02; 0.43722441E+05
 0.67500000E+02; 0.44507133E+05
 0.68000000E+02; 0.45733859E+05
 0.68500000E+02; 0.46671414E+05
 0.69000000E+02; 0.47448488E+05
 0.69500000E+02; 0.48787809E+05
 0.70000000E+02; 0.49603152E+05
 0.70500000E+02; 0.50426629E+05
 0.71000000E+02; 0.51402688E+05
 0.71500000E+02; 0.52130074E+05
 0.72000000E+02; 0.52600098E+05
 0.72500000E+02; 0.53187094E+05
 0.73000000E+02; 0.53564523E+05
 0.73500000E+02; 0.53779859E+05
 0.74000000E+02; 0.54177188E+05
 0.74500000E+02; 0.54230508E+05
 0.75000000E+02; 0.54435113E+05
 0.75500000E+02; 0.54545695E+05
 0.76000000E+02; 0.54430039E+05
 0.76500000E+02; 0.54685824E+05
 0.77000000E+02; 0.54709199E+05
 0.77500000E+02; 0.54769695E+05
 0.78000000E+02; 0.54603910E+05
 0.78500000E+02; 0.54708992E+05
 0.79000000E+02; 0.54819504E+05
 0.79500000E+02; 0.54843105E+05
 0.80000000E+02; 0.54938094E+05
 0.80500000E+02; 0.54858777E+05
 0.81000000E+02; 0.54988043E+05
 0.81500000E+02; 0.55056234E+05
 0.82000000E+02; 0.55181047E+05
 0.82500000E+02; 0.55134352E+05
 0.83000000E+02; 0.55148625E+05
 0.83500000E+02; 0.55262008E+05
 0.84000000E+02; 0.55353496E+05
 0.84500000E+02; 0.55520293E+05
 0.85000000E+02; 0.55339809E+05
 0.85500000E+02; 0.55478172E+05
 0.86000000E+02; 0.55859141E+05
 0.86500000E+02; 0.55899555E+05
 0.87000000E+02; 0.55962047E+05
 0.87500000E+02; 0.56219484E+05
 0.88000000E+02; 0.56386945E+05
 0.88500000E+02; 0.56417438E+05
 0.89000000E+02; 0.56585711E+05
 0.89500000E+02; 0.56696418E+05
 0.90000000E+02; 0.57151145E+05
 0.90500000E+02; 0.57284336E+05
 0.91000000E+02; 0.57309309E+05
 0.91500000E+02; 0.57382016E+05
 0.92000000E+02; 0.57261215E+05
 0.92500000E+02; 0.57306746E+05
 0.93000000E+02; 0.57054406E+05
 0.93500000E+02; 0.56862691E+05
 0.94000000E+02; 0.56649828E+05
 0.94500000E+02; 0.56420855E+05
 0.95000000E+02; 0.56193941E+05
 0.95500000E+02; 0.55607508E+05
 0.96000000E+02; 0.55380234E+05
 0.96500000E+02; 0.54742715E+05
 0.97000000E+02; 0.54316145E+05
 0.97500000E+02; 0.54029293E+05
 0.98000000E+02; 0.53449672E+05
 0.98500000E+02; 0.53011992E+05
 0.99000000E+02; 0.52631078E+05
 0.99500000E+02; 0.52124953E+05
 0.10000000E+03; 0.51489664E+05
 0.10050000E+03; 0.51207926E+05
 0.10100000E+03; 0.50652902E+05
 0.10150000E+03; 0.50267262E+05
 0.10200000E+03; 0.49686695E+05
 0.10250000E+03; 0.49468359E+05
 0.10300000E+03; 0.49069516E+05
 0.10350000E+03; 0.48447910E+05
 0.10400000E+03; 0.48148559E+05
 0.10450000E+03; 0.47757637E+05
 0.10500000E+03; 0.47250832E+05
 0.10550000E+03; 0.47122316E+05
 0.10600000E+03; 0.46676867E+05
 0.10650000E+03; 0.46344191E+05
 0.10700000E+03; 0.45981266E+05
 0.10750000E+03; 0.45704797E+05
 0.10800000E+03; 0.45545223E+05
 0.10850000E+03; 0.45089637E+05
 0.10900000E+03; 0.44723000E+05
 0.10950000E+03; 0.44293770E+05
 0.11000000E+03; 0.44000605E+05
 0.11050000E+03; 0.43787730E+05
 0.11100000E+03; 0.43548035E+05
 0.11150000E+03; 0.43265777E+05
 0.11200000E+03; 0.42998242E+05
 0.11250000E+03; 0.42858531E+05
 0.11300000E+03; 0.42361566E+05
 0.11350000E+03; 0.42114785E+05
 0.11400000E+03; 0.41861379E+05
 0.11450000E+03; 0.41553598E+05
 0.11500000E+03; 0.41222613E+05
 0.11550000E+03; 0.40925027E+05
 0.11600000E+03; 0.40716074E+05
 0.11650000E+03; 0.40449109E+05
 0.11700000E+03; 0.40198832E+05
 0.11750000E+03; 0.39760426E+05
 0.11800000E+03; 0.39689168E+05
 0.11850000E+03; 0.39469980E+05
 0.11900000E+03; 0.39083980E+05
 0.11950000E+03; 0.38876660E+05
 0.12000000E+03; 0.38758582E+05
 0.12050000E+03; 0.38366395E+05
 0.12100000E+03; 0.38096711E+05
 0.12150000E+03; 0.38072121E+05
 0.12200000E+03; 0.37614438E+05
 0.12250000E+03; 0.37588410E+05
 0.12300000E+03; 0.37293578E+05
 0.12350000E+03; 0.37232434E+05
 0.12400000E+03; 0.36861020E+05
 0.12450000E+03; 0.36907750E+05
 0.12500000E+03; 0.36713504E+05
 0.12550000E+03; 0.36516434E+05
 0.12600000E+03; 0.36273527E+05
 0.12650000E+03; 0.36205832E+05
 0.12700000E+03; 0.36037102E+05
 0.12750000E+03; 0.36064777E+05
 0.12800000E+03; 0.36068410E+05
 0.12850000E+03; 0.35882918E+05
 0.12900000E+03; 0.35934117E+05
 0.12950000E+03; 0.36070406E+05
 0.13000000E+03; 0.36356172E+05
 0.13050000E+03; 0.36667098E+05
 0.13100000E+03; 0.36859320E+05
 0.13150000E+03; 0.37406711E+05
 0.13200000E+03; 0.37684500E+05
 0.13250000E+03; 0.38350301E+05
 0.13300000E+03; 0.39108121E+05
 0.13350000E+03; 0.39881023E+05
 0.13400000E+03; 0.40595711E+05
 0.13450000E+03; 0.41826461E+05
 0.13500000E+03; 0.42699895E+05
 0.13550000E+03; 0.44115160E+05
 0.13600000E+03; 0.44819875E+05
 0.13650000E+03; 0.45541406E+05
 0.13700000E+03; 0.46504469E+05
 0.13750000E+03; 0.46850434E+05
 0.13800000E+03; 0.47195664E+05
 0.13850000E+03; 0.47057434E+05
 0.13900000E+03; 0.46598109E+05
 0.13950000E+03; 0.45819676E+05
 0.14000000E+03; 0.44462438E+05
 0.14050000E+03; 0.42876215E+05
 0.14100000E+03; 0.40732246E+05
 0.14150000E+03; 0.38366785E+05
 0.14200000E+03; 0.35618715E+05
 0.14250000E+03; 0.32599223E+05
 0.14300000E+03; 0.29422676E+05
 0.14350000E+03; 0.26187434E+05
 0.14400000E+03; 0.23045752E+05
 0.14450000E+03; 0.20073020E+05
 0.14500000E+03; 0.17298705E+05
 0.14550000E+03; 0.14573685E+05
 0.14600000E+03; 0.12171878E+05
 0.14650000E+03; 0.99133018E+04
 0.14700000E+03; 0.80954917E+04
 0.14750000E+03; 0.63798882E+04
 0.14800000E+03; 0.50247236E+04
 0.14850000E+03; 0.38955349E+04
 0.14900000E+03; 0.29868833E+04
 0.14950000E+03; 0.21793389E+04
 0.15000000E+03; 0.16430328E+04
 0.15050000E+03; 0.11763425E+04
 0.15100000E+03; 0.86609760E+03
 0.15150000E+03; 0.60647870E+03
 0.15200000E+03; 0.40617596E+03
 0.15250000E+03; 0.28937457E+03
 0.15300000E+03; 0.18963039E+03
 0.15350000E+03; 0.13196555E+03
 0.15400000E+03; 0.82170815E+02
 0.15450000E+03; 0.57217625E+02
 0.15500000E+03; 0.36380211E+02
 0.15550000E+03; 0.24192482E+02
 0.15600000E+03; 0.15346938E+02
 0.15650000E+03; 0.71186948E+01
 0.15700000E+03; 0.42514257E+01
 0.15750000E+03; 0.29896092E+01
 0.15800000E+03; 0.97681087E+00
 0.15850000E+03; 0.10012406E+01
 0.15900000E+03; 0.10752360E+01
 0.15950000E+03; 0.85325502E-01
 0.16000000E+03; 0.53771812E-01
 0.16050000E+03; 0.84984235E-01
 0.16100000E+03; 0.86948082E-01
 0.16150000E+03; 0.00000000E+00
 0.16200000E+03; 0.00000000E+00
 0.16250000E+03; 0.00000000E+00
 0.16300000E+03; 0.00000000E+00
 0.16350000E+03; 0.00000000E+00
 0.16400000E+03; 0.00000000E+00
 0.16450000E+03; 0.00000000E+00
 0.16500000E+03; 0.00000000E+00
 0.16550000E+03; 0.00000000E+00
 0.16600000E+03; 0.00000000E+00
 0.16650000E+03; 0.00000000E+00
 0.16700000E+03; 0.00000000E+00
 0.16750000E+03; 0.00000000E+00
 0.16800000E+03; 0.00000000E+00
 0.16850000E+03; 0.00000000E+00
 0.16900000E+03; 0.00000000E+00
 0.16950000E+03; 0.00000000E+00
 0.17000000E+03; 0.00000000E+00
 0.17050000E+03; 0.00000000E+00
 0.17100000E+03; 0.00000000E+00
 0.17150000E+03; 0.00000000E+00
 0.17200000E+03; 0.00000000E+00
 0.17250000E+03; 0.00000000E+00
 0.17300000E+03; 0.00000000E+00
 0.17350000E+03; 0.00000000E+00
 0.17400000E+03; 0.00000000E+00
 0.17450000E+03; 0.00000000E+00
 0.17500000E+03; 0.00000000E+00
 0.17550000E+03; 0.00000000E+00
 0.17600000E+03; 0.00000000E+00
 0.17650000E+03; 0.00000000E+00
 0.17700000E+03; 0.00000000E+00
 0.17750000E+03; 0.00000000E+00
 0.17800000E+03; 0.00000000E+00
 0.17850000E+03; 0.00000000E+00
 0.17900000E+03; 0.00000000E+00
 0.17950000E+03; 0.00000000E+00
 0.18000000E+03; 0.00000000E+00
 0.18050000E+03; 0.00000000E+00
 0.18100000E+03; 0.00000000E+00
 0.18150000E+03; 0.00000000E+00
 0.18200000E+03; 0.00000000E+00
 0.18250000E+03; 0.00000000E+00
 0.18300000E+03; 0.00000000E+00
 0.18350000E+03; 0.00000000E+00
 0.18400000E+03; 0.00000000E+00
 0.18450000E+03; 0.00000000E+00
 0.18500000E+03; 0.00000000E+00
 0.18550000E+03; 0.00000000E+00
 0.18600000E+03; 0.00000000E+00
 0.18650000E+03; 0.00000000E+00
 0.18700000E+03; 0.00000000E+00
 0.18750000E+03; 0.00000000E+00
 0.18800000E+03; 0.00000000E+00
 0.18850000E+03; 0.00000000E+00
 0.18900000E+03; 0.00000000E+00
 0.18950000E+03; 0.00000000E+00
 0.19000000E+03; 0.00000000E+00
 0.19050000E+03; 0.00000000E+00
 0.19100000E+03; 0.00000000E+00
 0.19150000E+03; 0.00000000E+00
 0.19200000E+03; 0.00000000E+00
 0.19250000E+03; 0.00000000E+00
 0.19300000E+03; 0.00000000E+00
 0.19350000E+03; 0.00000000E+00
 0.19400000E+03; 0.00000000E+00
 0.19450000E+03; 0.00000000E+00
 0.19500000E+03; 0.00000000E+00
 0.19550000E+03; 0.00000000E+00
 0.19600000E+03; 0.00000000E+00
 0.19650000E+03; 0.00000000E+00
 0.19700000E+03; 0.00000000E+00
 0.19750000E+03; 0.00000000E+00
 0.19800000E+03; 0.00000000E+00
 0.19850000E+03; 0.00000000E+00
 0.19900000E+03; 0.00000000E+00
 0.19950000E+03; 0.00000000E+00
 0.20000000E+03; 0.00000000E+00
 0.20050000E+03; 0.00000000E+00
 0.20100000E+03; 0.00000000E+00
 0.20150000E+03; 0.00000000E+00
 0.20200000E+03; 0.00000000E+00
 0.20250000E+03; 0.00000000E+00
 0.20300000E+03; 0.00000000E+00
 0.20350000E+03; 0.00000000E+00
 0.20400000E+03; 0.00000000E+00
 0.20450000E+03; 0.00000000E+00
 0.20500000E+03; 0.00000000E+00
 0.20550000E+03; 0.00000000E+00
 0.20600000E+03; 0.00000000E+00
 0.20650000E+03; 0.00000000E+00
 0.20700000E+03; 0.00000000E+00
 0.20750000E+03; 0.00000000E+00
 0.20800000E+03; 0.00000000E+00
 0.20850000E+03; 0.00000000E+00
 0.20900000E+03; 0.00000000E+00
 0.20950000E+03; 0.00000000E+00
 0.21000000E+03; 0.00000000E+00
 0.21050000E+03; 0.00000000E+00
 0.21100000E+03; 0.00000000E+00
 0.21150000E+03; 0.00000000E+00
 0.21200000E+03; 0.00000000E+00
 0.21250000E+03; 0.00000000E+00
 0.21300000E+03; 0.00000000E+00
 0.21350000E+03; 0.00000000E+00
 0.21400000E+03; 0.00000000E+00
 0.21450000E+03; 0.00000000E+00
 0.21500000E+03; 0.00000000E+00
 0.21550000E+03; 0.00000000E+00
 0.21600000E+03; 0.00000000E+00
 0.21650000E+03; 0.00000000E+00
 0.21700000E+03; 0.00000000E+00
 0.21750000E+03; 0.00000000E+00
 0.21800000E+03; 0.00000000E+00
 0.21850000E+03; 0.00000000E+00
 0.21900000E+03; 0.00000000E+00
 0.21950000E+03; 0.00000000E+00
 0.22000000E+03; 0.00000000E+00
 0.22050000E+03; 0.00000000E+00
 0.22100000E+03; 0.00000000E+00
 0.22150000E+03; 0.00000000E+00
 0.22200000E+03; 0.00000000E+00
 0.22250000E+03; 0.00000000E+00
 0.22300000E+03; 0.00000000E+00
 0.22350000E+03; 0.00000000E+00
 0.22400000E+03; 0.00000000E+00
 0.22450000E+03; 0.00000000E+00
 0.22500000E+03; 0.00000000E+00
 0.22550000E+03; 0.00000000E+00
 0.22600000E+03; 0.00000000E+00
 0.22650000E+03; 0.00000000E+00
 0.22700000E+03; 0.00000000E+00
 0.22750000E+03; 0.00000000E+00
 0.22800000E+03; 0.00000000E+00
 0.22850000E+03; 0.00000000E+00
 0.22900000E+03; 0.00000000E+00
 0.22950000E+03; 0.00000000E+00
 0.23000000E+03; 0.00000000E+00
 0.23050000E+03; 0.00000000E+00
 0.23100000E+03; 0.00000000E+00
 0.23150000E+03; 0.00000000E+00
 0.23200000E+03; 0.00000000E+00
 0.23250000E+03; 0.00000000E+00
 0.23300000E+03; 0.00000000E+00
 0.23350000E+03; 0.00000000E+00
 0.23400000E+03; 0.00000000E+00
 0.23450000E+03; 0.00000000E+00
 0.23500000E+03; 0.00000000E+00
 0.23550000E+03; 0.00000000E+00
 0.23600000E+03; 0.00000000E+00
 0.23650000E+03; 0.00000000E+00
 0.23700000E+03; 0.00000000E+00
 0.23750000E+03; 0.00000000E+00
 0.23800000E+03; 0.00000000E+00
 0.23850000E+03; 0.00000000E+00
 0.23900000E+03; 0.00000000E+00
 0.23950000E+03; 0.00000000E+00
 0.24000000E+03; 0.00000000E+00
 0.24050000E+03; 0.00000000E+00
 0.24100000E+03; 0.00000000E+00
 0.24150000E+03; 0.00000000E+00
 0.24200000E+03; 0.00000000E+00
 0.24250000E+03; 0.00000000E+00
 0.24300000E+03; 0.00000000E+00
 0.24350000E+03; 0.00000000E+00
 0.24400000E+03; 0.00000000E+00
 0.24450000E+03; 0.00000000E+00
 0.24500000E+03; 0.00000000E+00
 0.24550000E+03; 0.00000000E+00
 0.24600000E+03; 0.00000000E+00
 0.24650000E+03; 0.00000000E+00
 0.24700000E+03; 0.00000000E+00
 0.24750000E+03; 0.00000000E+00
 0.24800000E+03; 0.00000000E+00
 0.24850000E+03; 0.00000000E+00
 0.24900000E+03; 0.00000000E+00
 0.24950000E+03; 0.00000000E+00
 0.25000000E+03; 0.00000000E+00
 0.25050000E+03; 0.00000000E+00
 0.25100000E+03; 0.00000000E+00
 0.25150000E+03; 0.00000000E+00
 0.25200000E+03; 0.00000000E+00
 0.25250000E+03; 0.00000000E+00
 0.25300000E+03; 0.00000000E+00
 0.25350000E+03; 0.00000000E+00
 0.25400000E+03; 0.00000000E+00
 0.25450000E+03; 0.00000000E+00
 0.25500000E+03; 0.00000000E+00
 0.25550000E+03; 0.00000000E+00
 0.25600000E+03; 0.00000000E+00
